-1021591959
894337990
1026868766
-749768433
746958199
1068308570
1361434240
-1934853081
-1012545494
1796133627
706268248
286416262
265222251
1788063515
-1561050625
802499851
905674185
192393373
1680956587
-388706121
-1106953349
668185475
209712149
-114346624
-721001819
-1318124821
-627896229
-1499676315
1956904154
-1902187717
1973215782
1985565378
-753394974
-1991197797
-1597007601
-1211277083
-1058427972
288221859
1269480510
-498069024
-342081562
-2070850987
-751638188
563370400
-1333642021
-1006651571
-777249398
-891259330
1417692380
541396790
1498213658
659578261
758699763
259734144
1558400221
710471700
-368874700
1213605199
-1379282379
-1999960876
-1753051323
-396590154
-753496788
-1057840404
-740243679
-1871471324
-254091043
559938564
-1678494184
244833054
-2116157934
-1364394968
252007449
1392709422
816964654
-93617442
-269143245
1570546715
815598669
-342517383
-1153164967
1168059993
30483113
345651887
440496741
-333312061
554267199
1102479209
-927310241
-1175641465
926017201
1156859098
-1408475138
-1796759712
-1939748754
-651911214
-1529483410
282243850
-930900209
-2084720300
1473705299
-2062321933
230008324
1005105253
-751865331
-581484242
-1157275793
-192529114
592106813
-1743224916
1407275343
-188985051
-223688312
-742813011
800876769
-1073585937
-1985185638
-1672586637
1746862146
-1865055511
-1953526930
-393974727
-1878482344
-1853378721
-994678069
379920995
-800085773
-633704995
663454737
-223609867
802822446
726041533
-1712351691
-1088487607
-698523109
-1789429759
-1596896503
-1157753860
-1559699042
228261986
-87121728
-1158051799
1213813657
-372134999
1237641137
-1569770279
1905364809
-1626383044
2117883995
-1934559815
389494511
-472945157
-1964472919
-267491315
-860340814
-1679194548
977743734
-850975515
1414031299
674334068
-654624430
1722411661
1700014274
-715257304
-853948026
91777353
802718816
192311395
1903940693
-110188735
-1983523516
1908562042
1954977668
1757949882
-980574670
-1203631251
536988188
1443660166
1079626090
-262647681
-340097938
-946900802
-1251083698
-138180601
1797137496
-2111213651
689558854
747446152
1726525893
-931728626
-1028824601
2071180031
-340359303
-114465414
-1873876142
2110091132
1828799502
1560763931
-207355174
1021676276
1040992057
-1900999003
1094027497
-636426923
2143633233
1882791047
-124723165
-1516034343
-270431470
-652650147
1453764299
-1822494818
2060022685
19795623
-251014554
-1236210570
191791811
254398656
2109172125
-535894788
1379563906
931073288
37427303
1368463079
1662560975
311936867
-594482585
-520785246
1651752597
-2117649689
-1839695982
610372891
-1910628099
-655863344
369307412
1076976347
-776232464
2052532407
1742859380
1659766870
-1700329255
-2094853885
-1332462859
-714505340
-1648975697
557434527
1570630463
-1240429905
-705757134
1008979181
2114838335
-179415922
-832335244
-168483078
-697618358
1123689875
-1351048294
1687478002
2127303560
863528577
-256707101
-1632562987
-1639178097
-1413607360
-1468194071
-1428394902
575528526
1727955188
1795902759
363684468
1884142124
1152978507
1963582906
1820750115
-1261777552
-1285756650
1984727659
-919452723
-349432606
-2146490853
-260161555
636852701
1070530227
814219304
-2044425118
-1251727093
1490449049
-1111906453
1264268835
-1000018227
572504126
-1908133375
-1278825792
1118151948
1328865242
1138721228
-459845051
1703169563
694849822
-1206045815
1314411199
-1636758556
-623811501
544336672
-1796700162
1866053219
109128131
278303038
212120475
1473504600
-1773747369
440882720
-826922692
-246324936
-1960610687
1399819698
2078898966
1140207460
-879309732
-1523664680
-643503437
-232346211
1050316304
-1877716982
802071029
307720374
2127182715
28648230
-1662060454
-1634739574
2091263501
-157916543
-405059456
-2085905616
192686579
1318561086
-537257493
1419153773
-2139195529
1657176291
1459200774
-377373079
-785183067
1461421608
-1528961177
667369638
1944899890
-1438009582
2044458583
1881049645
1151946393
1455868480
1154223504
-853457399
-658723193
-1279012987
1901372488
-1221287687
-1637393031
-1070397002
1116512878
-739120800
1762090914
1181815236
-1510782925
1768209024
1230073361
1374983948
1535150539
-1339808025
-652459501
1388925165
-1837571212
-709913048
638235349
1775236507
1004267959
1640974798
-1140356786
772164146
-218818067
155434382
-1303368101
-1816682482
1594535684
1963873979
704223019
-609791143
1050574467
-1957619970
632099804
-951312668
292626890
-1402321339
-1374624666
155998522
1119350686
-1479784453
-1624590408
-1546096910
1023052261
-413069446
1867020576
-763220411
1830093741
692840381
-1847717905
1074051039
-1507335310
-1110212006
2123167068
-1151719175
-720403040
2104066478
-1200307032
-809938265
-2087673002
-664538535
-1304811133
-1847127442
1509949804
-2108659732
-98316114
2011963417
-435713097
1158656225
2105753312
268002508
1049321611
-1486596661
-711347731
626143065
1003851904
-426944562
-1064865755
666163666
-2141743495
-1641422256
416688634
539997278
1438436322
-1539709968
-1542106651
-556185264
-872850120
-1814379850
-418804087
1690324597
-1196064050
798924684
845064983
2111362989
1429012941
-816849683
1339927028
2096209596
-1281934981
198827227
-2078351975
-1592429471
195838144
-1708447210
97135547
-1251332440
-1541416986
41189514
133553835
1809819772
-1657589088
-1888786168
324446462
219588224
319479373
1483627577
-1611022480
-1240419042
1971734653
-992763697
-915657467
733434847
-752178765
-443852548
264291697
-1906703875
1972066412
-942640345
-2095556167
19398710
464898144
-1490325027
2070287129
-727458846
1791474183
298139397
1164187688
1817974599
-1439015330
-2026406313
-2041913287
18187052
1758819050
1793790735
-1272981244
1850285483
1424595453
-689124131
-157924730
1705019979
111244087
-1372884962
1321690405
-96897203
439171151
1821478225
-1598716394
1495893062
696574483
-2086609981
1793015299
1782676973
-1497818707
1784417165
-1000401433
-995622090
2022406695
-223919424
-345141700
-70195297
2139809328
1947646430
-220597160
2077746889
-898042337
530983819
1198565908
2107276617
2039071288
-2142565501
210486190
-1537869120
-513831634
620673230
192225264
-2058608344
-323480855
-2130895054
-502309231
792847728
-1898348663
-1178108951
-1532143398
416359755
489247401
-683525740
-1957298036
314533445
-331894041
1145050991
-299054848
-1273433577
-1473383004
-465825851
-1785397616
-2114919365
-1439211768
153530789
-1423396811
-107217727
1617387080
289595861
-1090384015
-616215453
-1676621269
1683568390
-748656017
689507799
-407510583
1481139529
362816616
1714634852
-1980689002
1517055169
1494175815
-1387997256
-2110595938
-1396867174
-190918257
1119589623
120658449
1579340601
-636868740
-1369055977
296277762
-1534799692
-1978775960
508371050
-2133109653
-672311164
2146050928
-1659459716
-449070732
1740377465
1156175447
1524881694
-112008716
-656418067
761755049
363351490
221450551
1030105660
-910487261
1451049994
-299004671
1707309939
-112890286
1373588122
790127827
37770566
-766022791
1782330165
-1248663188
-231686073
-512611145
-1677417721
1788582034
1984676181
-1418037399
165008447
951222545
-153385134
-1824792627
-612016927
-1141939452
-1797898216
-650203929
622989017
1361252434
159041708
532518567
1620723026
1821364603
436972724
-910769589
-1897319608
926732948
2146838822
1977983234
-1984821413
-1885021040
-262527422
1663669457
-1253508890
1606475456
1942183105
-2051571782
-1164471728
997395612
2134055502
-1447911142
1766509729
-547384381
-308455115
44787026
1653526616
764161600
-1141694630
-1370944598
-863670405
-353364722
486496363
-716355983
2078387438
-877521186
1828364121
2003777896
-1125915384
1399510806
-1039291645
1853717088
77032291
-6457059
1178686004
-1710426080
1072411123
-319210539
1540774607
1492446093
1833979225
1075497320
1710131273
-952748284
-2145621383
-1465106617
1075027286
-1745954806
-528512695
909062768
1052787942
-1444917465
-398290708
-928238609
2094667346
-1676008946
-1854041858
-784885338
759900370
231201793
-908606415
-17592497
1205660210
-634113933
-131291112
1228125122
-866308923
1862869998
-993378750
1994835571
-902717287
1492082486
-81147253
-2102449857
-1676858388
-1070788433
-666525010
-1034208665
1253955293
-569966597
-1882987747
-2080716068
-1237238170
1789704167
-1655235308
1658795196
347652745
-1130173817
1144213995
799528476
448127945
1278047134
-1383673941
810873864
-85294117
-1452499644
2110505700
1148668359
-1815085667
-1191736638
-1597992515
775080034
59983943
1660415424
-232631220
-1221637529
1422105055
1516857762
1596325416
2029666282
-1675346702
1868646702
123866427
-687302964
953781632
376007281
-1130114596
-709336257
-1355525833
-1438415645
1430823964
1369836680
-86122780
186133961
1969527391
362873351
442157350
-530104614
1971688750
398998644
-754909084
272991013
-1418021812
-266924181
1289330688
1087229489
-1351251706
1479479081
-1464476980
510255461
-144991793
766774935
1262598844
-50740310
-797701365
1113291144
1834395613
1898344270
-167345877
-14643393
-277157242
211221035
-1354919943
119750963
1134206156
965581832
15747892
584038933
-2506950
-1427884226
1847315551
-1723281135
-819567423
985024414
1695465941
217050452
-1557321235
-830448750
-1932109023
76094926
1723951962
-1185186943
-6478196
-1658689224
-890376347
-1904401544
1084339190
-841901480
-352717019
-1114983674
-1603006231
231476355
1744431772
567900006
1434874347
-1282392989
-1304292311
-1012747293
-217146093
-1324277510
-1585111231
-389723016
301656542
1364168934
1389317726
-1608190282
-124327358
-1077004314
-785736650
-1185868566
849940739
-1643061092
298269744
-2011455618
1318316358
-148892012
-1169740269
2070593695
429568867
-115972987
1719851264
-434764256
-1760396545
21803733
1309139362
-95793763
-1186596264
2098170466
1341304739
-503460125
1482940130
-1356906625
1356224097
-1280317297
-1724628205
-1646704324
829281505
1212584692
-1815383685
-687257366
1628233987
1469422913
-1891810026
-1455127075
-1955221001
-885384989
599112421
1201332595
840728047
-1657366744
1838188730
-1617655979
741908246
1868766500
-1420636844
-1692148228
1250857919
210629080
-217633365
-56132745
1658670561
1381542543
-2102529141
-493870486
915178947
1571756427
-1065877145
1996163929
1474364403
-513015071
-1818448026
231800358
-338225540
429505441
-217586238
1845428184
-334322345
66787129
-1927346094
-1335519075
257399329
980109082
1219528548
-1117260271
1727303438
-1284927333
738929104
1087663552
-407570147
-1559233250
1635214409
-277601303
-863026803
-117282703
-1726066186
975690373
194413198
1758826869
-988863936
1414802567
-369173700
1346638084
97325037
-1765820060
1165921992
327244560
-774032019
1495925972
121987832
-94818809
-1033055628
-200667430
-1167658543
718017662
-1617045816
-1789925374
-1272192367
-440410867
26265179
1324664297
461979106
-1570427785
757090972
1759075330
1430016333
1801555470
1572078857
-1322615658
-1896032788
-136337835
-438995192
-1283439092
-316780957
1218276326
-7662857
1466720362
102027280
539658902
-1456813439
527437595
501263233
-335063850
-191451597
-778364174
-341333978
-1267275940
48984654
-1214195602
-2064005305
1625121537
-556667682
1564528191
1873461815
682451181
824303883
95731721
1678292938
-478804752
-1483363410
1135485287
952876291
936727091
-382491353
-1081526990
-6208238
1864934927
1225477229
1425825026
-269380484
487554364
-1959686298
552492276
1017951131
1685251886
315147384
-1316579411
-321940407
-1576645701
-1751766689
1781958303
-869703976
-1134795008
124779328
-206835062
1173625412
-2047500411
-924025858
-1601195962
-1538055253
475732639
309033164
1944905151
-1443026691
1118581525
672736772
-1722213569
-1652647185
-2076559866
-568171466
-776626958
-1294153164
-1087862262
-817905022
-1914244953
-936303633
1036362902
71160362
593978324
-682147486
296972708
-729899166
-244976164
2034220779
742134162
718889834
812851859
-1171976655
228200778
49988574
114381057
402569114
-1748402014
1656304460
-526980507
1499643648
-85357818
-1644804345
-1054057091
1909202851
395081300
-1008789958
-1685024252
-1942449312
-2133971961
1726674495
-864907140
-1249961693
1256698006
-686217167
-1395170771
1340337817
2105027870
-2065478721
971992428
1082519850
-1457361090
-731665597
-550579680
-1601398234
1084752706
-1198803694
787516034
381487677
-862368638
523777557
1814320163
-40904652
1615085580
2109090200
553887027
893949654
1157735808
-1289473439
197800447
1143686695
681247291
1481249028
-1624062277
-268753953
713134776
1681959797
1765898625
1051823894
2083583538
-1881507361
1676703897
806548283
1637773452
-261788493
-2132477702
565374538
-784341387
173842434
1873152273
-1168628162
-1102841913
-550408177
1965509568
868450755
-582558672
-877083872
940957609
-1712998353
-93985261
407018644
930477739
130641075
1766707120
-584102598
-1929125460
1814513869
-1023527295
-399059745
-88894311
83675648
-1145116441
80496936
-1361713494
-1848265017
-194385403
-430942814
-988081430
1929604806
-17346580
-1033688809
941505782
939297347
2103861240
-841522141
-1617035772
-472744749
233934201
2093800710
-415089114
-1018024104
1177632404
-409776966
-787489328
-1606433494
447445867
-1486735032
162460567
1735196819
-410195076
284471638
1269867067
-1351812479
-1272330938
-320033532
1179503335
-1700847242
-206859215
-942987271
-202891338
745976770
-868550481
445073592
-919905671
-1501353740
289588893
-492820169
-1354458185
-518963570
2136745455
-1708518222
1585591796
-863790089
793352588
-955167044
990800182
-2030222923
-1956573065
-908478570
-543436092
1424439259
-1507629778
12837315
-1576889039
-1518456897
-1816006826
1639279835
1882815640
1714162928
825822103
348895647
-922311896
-1153660570
-1934574139
1750944589
1870092770
-1313117957
1245892928
1319070262
-219719263
1212018714
-396878948
-362095731
-1420066726
-633302603
-1782266493
217301632
1265933989
1457326204
1810218458
-956957044
1518541180
-148091061
-1098925278
-971465971
-2104728511
1441475811
-465408224
1751131156
-1684039931
-1070643492
1406718144
-1800342404
1072080134
1902505946
1285136438
769642815
-1095370886
-1162533634
-42366618
-1629460987
-1061916534
443182751
1527941254
-1618577667
1750211232
984258618
-1666550528
323476464
1080297445
441480102
-765667684
1136302227
-1289738747
655891339
-1037408034
-932469220
-434369995
1612146965
1760751788
308298263
-794953354
979079395
897861684
-1000548743
-792743654
-1299244219
-1858878196
254398197
1305916295
-452285529
690314394
331345806
-2087838406
-1796846777
-273274187
-1983184787
224019983
298330926
481705612
1619714804
1705947838
-158789283
-680013370
-536321006
1004739240
-946477755
1568165354
-1441505320
1060931028
-1166471300
-1245068287
1658653260
22791987
258842798
-1968588166
1498313085
-1633495253
-1115065391
-233015988
758156503
1949749842
-1859469412
-2110645151
-1387893320
-648241030
-970405063
1745708082
1339516226
1632274413
319732280
-1608934226
625226610
-345427719
-1281186873
1280854624
-1277717647
-828187218
1718249760
1233956303
522369322
-788014619
1443036994
-7480024
2032899100
-1141151868
1396056035
1382962202
1505487728
378317569
-1828350556
196222465
1702733646
-2016191452
-1012754554
-356843962
1820449643
1113603856
-541399140
1277442820
731211494
-1941067389
-940791550
1732111855
-1902166700
1836882012
-1580392179
158465905
-244208359
-78702243
167630787
1734029333
960050937
-688321230
-1097938035
-1527196632
-2142713106
-1114864206
-274486230
-1880087139
1236041275
2138522724
2034061543
1249267761
-152498496
477830467
-110633460
1368169423
1239402384
-511491643
-987673191
-1418956
-1405904192
1263843353
-481079502
-158960426
1845855361
-1405582672
1534505814
1449972738
749439857
2007120895
-1406806569
-2086019005
-1469648339
-37868926
944159622
-254221046
-481071574
-436334333
-288565459
-863493237
-317556795
-76792037
-1667388991
258982116
189990808
-1006590471
-383602216
2057761412
1619481870
-844368542
1472618072
1372916938
-48272839
-997653256
574683249
-1391306772
-1246191390
-169538114
-462047028
-351875302
-954245919
1339258843
-504398844
1142107618
1895929775
-1391837027
-636499371
-1791823914
1191579961
219167937
-1845877102
-485742997
518339062
2039921392
1299241052
-1383315165
-1503778245
-814986611
-1317558896
817849326
-827114803
1947118253
-1822975
42026957
838800056
2092836198
961209446
-461463112
1248607838
-1051403444
-1506622570
150346690
23503826
1481163576
812209906
-1123554182
-1770035098
-1570282933
619947809
1600419987
-936305790
944144434
-1246751742
-1810830650
1027291831
425024427
1518880990
-1073551882
2032755475
-1859247290
-195969059
1606595989
-888421450
-1954564496
-227637061
-984244154
397125029
-303828307
1327974075
430457027
-1444930339
-109637340
-925722149
785058049
827602603
1615386720
-1905432760
819024785
995178810
1560847956
-1735740140
-1522161847
-13318035
-1311140192
45681957
1663832355
-1436285969
2118928658
149330800
1505081444
453636743
-1605366674
1596750695
-1739124480
1862323888
415592817
-1275270992
975458364
170592360
1048087059
-2076752106
-1636956267
-428208056
2045335821
1767912900
-472774176
-1657913388
-1515375206
-1821695569
2006122162
-1245940972
-627300480
-999945388
-347387903
1216030563
-2136375471
1815049123
1026956811
-486395002
-1787351314
678011962
-1919679114
658861311
-1666734516
543016662
2086536120
-1239167325
65681530
1488224262
1607284152
1336538218
-1711649566
118554913
1416801461
2011168902
1015668942
754369913
485864807
2078817718
160701742
-751735088
-1874006685
431297243
622658712
1450800394
1135135427
-772662325
-1053852273
2055707940
1737259525
-1457161372
1262173447
-982226076
-805554637
-1077167388
-200780504
-916454190
-1804173500
847366776
-1097962414
20067302
-2108734
2020996882
-1436950431
906593410
-253834580
1620175231
-1207346639
-1326732511
-1163868515
-1705180488
-2045602460
-424105135
-623017171
-1212700297
832921698
-1501204130
-428719210
-310026995
1601181857
-476458161
944992666
-1000038030
-1300682971
-140956394
-1323444316
-185526115
678773066
505154562
243194157
-167944938
2067427777
343186807
-1824699039
1140289992
-1301533225
1304351969
1227022337
679729947
-277021955
1475902694
-1616896886
629716290
1692821636
-1578326054
2063828887
279141328
-1874828889
1048654712
-2101450109
681080465
-1309860914
-273919027
397948242
-688423017
480191761
1296259447
1885051601
-1842866542
391337722
1362306831
-451491077
816362853
1974514063
-1228535325
532311965
-1968465419
-916692338
614590952
683233085
750254403
-1292862214
-194706194
-519783880
432197564
-1222105898
-159995627
1684022826
-1097604401
1824273200
-536567169
-926377071
-1467955264
1972868704
729632838
1244846516
-942603332
-1564806511
1415681200
-391293759
-809789140
-1046788480
759764129
-266243531
69178957
-868247421
-39421360
-1899911296
-1390511872
-1222774835
1937813310
803757799
-1009222690
-1862787600
-818855582
-1895446868
-688381809
-1912791902
59205544
-1887900051
-759461029
1618740163
-2035132004
-1391274295
1275036673
-1430135906
-414388638
63461193
1102655431
-1618227345
-1072711959
1442971260
1770576082
353076260
-1420949664
1581731939
199317175
1779668839
1622516712
-51050737
132443217
-237073700
722470026
998521224
-1210994988
-113074265
-1942002582
-1763537679
1508166178
1950967344
-761196483
-675687447
675100253
-1790310870
-408836104
-460865485
297513661
-753827120
48711625
1145866904
-949544542
-1701544079
-1421816758
1939977483
-1699126804
911886383
1976083956
393759502
447406474
-2104941821
-409145391
-2100280235
-325671599
1014508803
1450556789
-709825112
-1804865010
271271911
1803408430
1036286989
-1706147106
-1453204535
1096893306
41365029
738613436
-1188466389
-305622856
429694934
1136406362
275867454
-2035389918
-56347606
-593827019
606947937
2020152571
1938798966
2122126563
-865628441
-652211452
-2006078530
-1395608145
494842909
-1795589324
-162875049
-1614272153
1709380490
181576103
799305166
1256569203
-1286872968
1729178326
-1264507128
-1908583127
-1665262669
-1739909625
1861204138
-1716978848
1126727568
-1285174521
1517511098
-404641469
-1526486992
-1985718505
-49874810
-1002970522
580254725
-836238045
1324118212
1438918174
-865134443
-1595554503
1462509562
-1885805044
883345278
-1908009160
628712480
-603663877
-1448624199
-473142073
610832515
-1433563925
789493538
-1367460215
1159480555
1379409773
715819063
1318129806
-280063232
-1388987599
-1993183200
2020262412
1073518057
-178215971
1410574574
-462093234
742481973
1398690079
268952615
821183724
-279485442
838409733
1195010434
1646253883
-2138719925
1033181579
-505815570
-2134554361
170976950
1506331765
827389657
-1927819649
-996339634
777783391
624991661
-19662480
-1754681154
-159640558
435832734
2061447094
1252868270
1242941720
652314018
367367406
1310290024
-818186606
604508353
830495600
-2013866049
1501928776
-1446521202
-1178881924
-1320075221
-2068129535
-1219311116
-1299007566
1587277112
1878821652
510164021
-1016378937
1990690593
-595912130
920502832
-654153099
-348550216
-1618093130
614656482
1473620403
-1859163768
1899493758
1522091054
1898243110
-401233604
-1763382788
894502624
1852511958
213764418
-2084811575
22334191
-1713096155
1843638187
496386247
-1875367166
1772181500
-1080175020
345409400
1345537589
-854896314
409048394
1694894478
-1821562084
-1245182303
-1156108438
1147637949
1211330311
-469968814
1531938120
222153432
1904047495
-1910197894
1298633298
902162971
-2049037263
224334471
579082292
-1907657019
-739295583
1535168236
1511136381
1357850090
-1033042239
-276401644
-1373692799
1879296390
1475001675
-1701609581
-945415295
-691950123
-830820725
581501598
-98767095
1531049953
-81889431
-604954435
-1000378983
632871259
730828454
-987454530
-422812793
-1728139858
2133892710
980070125
-1388154333
-253406127
503083502
727847809
-974570213
81288284
-2108720211
-1744373672
1972734497
-300165794
213202816
-1809921818
-430098742
-773400212
-1951208143
218079083
-2032523079
768877693
1226676032
1495768676
921279484
-1040954123
-1826557466
929819971
866612149
1685221759
-453380522
1271811169
507212028
-1737134049
-1698216379
-2054982605
34108420
-369821050
284576684
-878464068
892087164
-1545921624
-889450292
664961602
1145034295
440402572
-1703603086
-1388251068
-1506739442
823600738
532127356
310010794
-1324139771
226629594
-2087167845
908684094
-1824874068
-1636920398
534327129
1561818458
-285206585
1433053841
1555480413
1242514915
159898672
-1947004397
1183372014
1369900917
1341925116
-1993542876
-89214027
1694839775
-1188275491
1497221521
-1085778746
-1155067951
1302554822
-276223780
1640601825
627486164
-598849068
-1186629041
-712689420
1432988793
-1342852244
-2091513773
1092685540
-142531627
2019322272
-1503007999
12437644
-938052052
-1425681450
-465262087
649611013
-330827797
1774106539
1779345267
-963957209
1083417307
-1438892524
-2099730285
-1464113072
-476231533
2026088134
-1134620928
-1004363165
-1845430225
-233878056
2077136822
479659027
-101086402
214689701
974500635
287287393
-1112633856
-1152182537
610978384
416914019
-1736706352
-252264095
-1889466934
-710321594
-373727009
-310196757
1047161120
-351195499
-1649557982
64027124
-1069590491
1581565370
381138061
665161812
663804217
1595337669
-729671039
-1714925888
-403953444
803625068
1486833282
1504785778
504066691
-1317349038
1448945196
-798655223
-1573338449
-1626055541
-229683097
-896790867
-534411718
1258397535
-2077522215
244243062
317336307
892110158
1986550428
152088590
-2096712339
-278504620
-103487440
1951759764
678846484
-1088517266
-77865293
-256567101
1500878720
1574077532
1049839183
185529939
1220208653
959306151
-2082620941
-1665698913
685289642
-37888027
-67565500
482186887
260484849
-343127749
-132026410
-554539113
-1209026440
388531746
883944086
940132968
672216422
-203428242
1871527051
-1850017722
-134270904
1096873612
1262139837
206242066
-1816588507
671479051
365754228
-429263254
-1503114801
667434077
-1471947611
2003608838
-509365892
-1230730019
-1452358231
-1535967132
1239883156
-2142887148
2000858928
-710957913
-199716405
710796855
1836293236
657134268
-604950158
325024500
1065462961
-517207362
-240020470
2092318317
1786614739
-895440741
1139691290
35679620
382691953
920266487
-373634750
-1241580455
126224634
1646750800
122006159
172810768
-899390931
-507984286
-2074378737
802741463
1430622414
1165588428
913922216
1703473702
-1580757866
658635762
-798844635
-266391736
-491275670
2073044261
-1396042351
74149403
1320930256
723548417
-506443320
-1169284589
-1805344354
-1936298218
756898634
1387032964
880813555
-401115702
2104952402
1706434336
-1017491093
-1902714498
-1004550105
1709311933
1877790605
1775184366
2135808689
-1089587109
-603982200
315038173
484300110
1954340965
-248052193
696767728
38668006
-1137204169
-802364960
-1282222118
575462716
-1225321504
-2023376229
-302688583
-1846153849
289688104
-215131374
633904575
1568567872
1634138068
-188675091
-1799006188
-691318211
1175609128
1100956400
-645275397
-42466049
937952172
46567791
-1164836045
1081534535
1141838387
-1437563392
1776339615
1525209838
1552663832
325875058
1279478824
693317878
-202225462
-1467392258
1411221474
389567707
1506075787
-591568964
-1423914643
-796349905
-343577740
1668049240
-1302517091
-1415150235
410925500
-753455099
857087069
1360088300
1539785273
-1856601168
-19129904
1517885311
1699737637
1167493241
-1595151944
1832737723
1744757029
-1855421858
938873371
-110197519
-461063289
1467557945
209150499
-1617723075
-829446965
-2002472468
385201734
-101606185
-656335772
-796846631
-385721690
1663450792
1419787967
-750114408
1846915001
1757895200
-312560508
899848676
-999426772
246983238
-1243164133
-967316011
743792388
1546717712
1179495281
-1165555372
1272043782
-280199692
-231989253
-1872633142
-134013863
1824309950
2056135418
1672372250
1922693993
-2014087772
-1302871039
69308113
-887224307
1648241047
-1177306188
540650396
2003105771
-33686053
655851729
980200697
2129750811
866748889
1361389940
-1180154575
-400230134
-1042206157
863214742
1148948357
-1098143840
-708101351
-217458730
923917479
-1253756763
1986931674
-303936132
-1700179349
1777514848
437606334
-1525178694
-1196993858
-640294783
-248209390
-2102643148
-1894261290
238569024
201180035
-120420671
-544971861
486601413
-265630033
1253306995
-824067931
-1194377526
-794394119
1108385236
-1927536234
-146201986
-906706788
2045948786
-406607126
382013100
164257026
-783033442
617234204
-1269451748
-278604202
557575279
-613928853
-2101322439
573037399
-724822515
-2125256243
-2142454285
-1911576977
1595543339
79608612
1592221158
-1226537212
1727202773
2136798383
771621051
84749324
-2083104661
-150420030
-636505906
-2036169753
2113166060
1428886201
694177809
641811816
-1661096840
-1987660246
165270319
-331188684
-481042161
-282664615
941853428
1875214927
1425310622
-168914960
362422251
-259278605
394507324
805241583
1616454728
-2108800348
1399580336
-887720224
137453576
1798628480
157058358
1114081615
-1955251370
447030491
1405713282
2021458297
-1053365456
-2130270965
-710283771
566554691
1110066250
-1114454913
-153837202
1654217581
1746294834
169009430
1463604851
508291079
736182452
382847149
-314925616
-1021495261
-1241334401
272248826
741730447
1751117771
-758085624
-991608168
2025576586
328373557
1709277614
-1552310174
-109439698
-1640316875
-1947000802
-320054269
1779705985
1677675762
462339064
-1229271347
562243685
-299465252
1214424498
2060277194
-1309659107
-898074403
505226428
-1793045488
-671191536
-1630213170
-2083142427
1666307673
1401014733
198157356
1391695356
-989309998
2011915855
-1231227381
2051359162
-1760655309
126190721
-1195127222
32119775
-616574193
1177324036
162114567
1291423898
-1775237012
650850350
1046494549
214471981
-702562666
1455169366
778277676
-981270832
-1098439376
-2087486898
-747429728
1858659286
361675147
519511600
-1231095466
-211916018
2121165882
-1319855523
-1069153485
184462699
-366933019
1538270402
-1822879915
-146240025
-1872557731
-625471907
956436038
180792227
47245553
1442610175
-1207053458
-310259118
1147860223
-1377605805
-429253686
1335856344
-1240922675
1038953502
-370095141
243580461
-1516080487
392046024
1138006240
-972135289
1073446894
1185292570
647139654
-873403720
-74784968
2082907720
747583583
-1183798316
-1786834021
1803902770
884812114
-441676522
-1074475009
-473424410
1310094674
-1562521085
1475125871
1246513001
-1047449326
830377680
-1549827933
193177271
-1211439752
1333419264
-877196837
1249700871
-483534960
363017809
-1528327699
-1411490734
1812880323
-1528915496
1891060129
1583183126
-110254008
-2061672598
-1927342020
1378256982
-1443702055
-1133322946
6748762
106140902
-1400756822
-1564064816
1651046912
264363748
-1578805354
-1998367737
595792881
-477492087
947401627
241030041
2100403776
-380187871
1795050376
-1156750418
634455078
319963223
1273975284
1159568835
-107025643
1612893110
1507989362
638098129
1275073805
-1091314580
2139989762
1838172334
781292589
-1475354800
1297823177
1949118898
887169932
-824407771
-755312124
1555012252
-1391347383
492503328
538459450
-1724245321
-596728352
1717677991
-1419002447
-1601498568
205575359
1423816027
842511138
268215018
1818165784
-351908264
-2029466961
-486994164
1865087480
-1303599685
-393499116
-1675910535
54211736
-1602822812
-138843619
85232137
1125213171
-939700740
314525783
-85443273
3393176
-2052242631
2132676618
-360096253
772297665
-469452704
1690821221
-1470745831
791549091
32430347
-1799150085
166797363
-2029895929
381766188
-1823722130
-1619148613
1707336985
483819345
1993786729
2109900979
-106803585
-1356750807
770389459
-934735911
-1087418707
1893515846
1693139520
2140498693
695217271
-1590002909
93111723
-1775290410
-1436750105
-1005580695
-1953462942
-306364787
1095181136
-1946305427
-937019583
907988536
1788768418
921629949
919484194
-1183041774
1562020864
455373404
2124193683
-1946548439
-2135465329
1167491210
-657933878
-498012863
-1519809391
1386083527
-995165995
709256696
-1354867279
1807128922
286979093
-249522390
-990108000
-384429682
-435022612
1626471830
-225674272
402553341
682552245
-1136668479
449025502
929319184
-2027397132
2052079898
-776659386
-1074580539
1696542670
-1684278178
-1426588014
1794513587
587166395
1068524605
-482343964
1365394251
770380665
445055806
1540189206
-1719246497
1937601859
-382776353
1033875470
-220056344
1023916098
-1561846273
2069503830
213106691
-873967292
-1364783488
-794943253
18045244
-73930581
-1814917848
-444060332
-1672995313
-1993296729
1239286983
1379522038
2056423851
-1160461657
-1278912097
1647078822
910373881
-22354932
-598251009
2125276800
-1731199781
-1334758881
-183143120
-56837898
-1007016008
-1323344571
-714634091
-392566741
675031864
2097298289
289698573
660567937
1943943500
1163741657
-1485992292
2073257328
1316799344
-1976166932
-1773809591
2010021785
264011572
1119404418
1431615049
545301530
-778326280
-1109125547
-1628124068
-1496890333
1871229686
-1390486353
599740022
-1466893367
-1620957564
-700487324
-1774399070
1287803674
1225067930
-2052483325
58529571
1086127217
1213322898
1119264328
313945564
-2132007926
-1797704657
1943896532
-1657846287
890086616
1575883745
1951007007
247126701
471414421
-2115357627
888882861
1077679781
-1205606117
675749874
1868744063
2133857822
-508591886
2013630578
-233899572
1500769195
-1195734743
-218530418
-529202960
-1852863718
970927721
-80651058
1218919588
-2146828656
-1944307898
1175672127
334919024
-1477883405
2042932696
1496542070
-1520553891
-1715298169
1506283146
-1148065323
-109827091
2145767643
-280096719
-350123764
-1969342385
293145318
-1044489888
-966189854
-925835570
-804756372
134067962
1561119029
-2125689717
-1654734938
741320711
-1404632257
-134859669
213121057
-219917621
-568728806
-1136419758
-1667859995
-1903675628
663062917
-293418608
-189487398
258748883
1402510824
-356040549
-1509118361
923903470
-1560532843
1279200254
-78660772
1406131796
-1444131504
1365032593
2091883537
1571093841
-979129839
-1503468310
-1541650225
-1755968221
643259911
61905427
1063840878
-853080628
272497888
1458975613
1797673790
1437391913
754709063
91502643
1434117162
-154603965
-1552672338
1490425682
-501315558
301883620
1185123917
727536056
1243816857
625427053
-518260887
841550586
1100515000
-107444506
1377817817
-793692773
-2069563599
1403072855
2140704709
-1639199109
-879118130
-951959979
-1252633679
-653927539
-1944242165
1610752991
-762973255
-8314419
49986298
832043626
306798621
19056240
1354873958
-254303431
-2145161216
-1611772068
-379759301
1611235314
2091909996
892057306
-965847004
1733136238
-1758608999
1890485897
733545334
-78445616
1827600239
2105486741
-157192884
-1481988648
-48539064
1158088233
1673530866
1871419769
-1249594631
385007137
-1840640890
1430738856
2028778770
2131105540
1520382428
-551358090
-1875212699
1985425713
-167139934
1561915488
855816901
-1038690729
-2015766076
392718310
1890371599
1248753450
-2050275311
1326124121
1588409966
-2024550317
-582687202
-1871355143
-1443098407
180185767
1053979498
329342783
-429696544
1587702427
1331824066
596967798
498698408
1155752695
1638103015
10209935
1608012340
1054940874
1872600685
-1400694474
442516197
-1520331107
526870245
748078112
1096674371
-2035120917
-600750786
991724966
1206758141
-1409528368
1219335016
652348567
1313294638
917450239
1068287801
-732248503
23789793
387966201
363635348
-435702287
1950196439
2097696379
409453000
45411636
-1032198777
1425252151
1113926709
-725779971
-541515675
-505071417
-2040673484
-1623204463
1614149479
-1274787618
-481825992
1647993055
-502285628
1124444096
-331928784
1311234588
-1661108482
-1599034893
-1992196560
1613412239
1607217443
1416812854
1182802767
576545705
1190341454
-138295118
-2041727022
-977512872
-499184268
-1958119313
-1169111159
-1114675300
2034949724
1507392521
1710522233
612185945
326875375
786847906
48719547
181190255
-927757903
1990053402
-145604189
956718343
1613996175
-872415363
334988067
1667693103
460331738
2044047037
-1735528335
-2035480407
-1222547053
1819738016
2091866855
-2031057664
-1376684055
533689851
-841051093
-625721125
-503958017
-974707936
-709492593
1349521301
1292078065
2043459220
-1870500934
-390551540
-1074071272
138634757
-895220857
2082688952
517956493
374530170
743021869
-279928064
-1093149716
352764108
498641055
577441480
1823758682
344863572
-191465932
2031800142
1244901832
-1362902299
1523430026
-977631178
-1099279752
-1523547908
-1812644696
-608908830
-1893892929
-1608712906
-859063710
-224126969
1126107917
-1636450303
1001230081
190072188
-596508118
-261079914
-1356785630
2052929877
-278891838
339242534
-2098244386
-1224969936
498036515
-71396269
-2097325269
1096013006
-169469628
1480573665
1467826049
1720299237
1776880904
-1432667987
-430746944
1957617459
996911812
1647423965
-67708336
-2129815082
1691158014
371927384
1222878857
-1160493094
839810168
1641201016
-1306252459
-1221239532
1005468012
-1686131714
1641152276
-1672595667
386935064
696097094
1508172735
1253333505
1589911676
-1059744069
1451671119
-206987991
-425706143
838638732
-5955489
283975382
-1408056675
1451453087
434063376
-1406660640
2038363285
875496645
259635756
-598561506
-1280525821
-325042641
-1460741491
2019490295
680199417
-1205598175
-1538906433
758911033
-675198938
229472229
1892808420
1931352361
42761302
-2070562815
881715416
-1474018342
-1926727105
-1379051349
1465276821
-835236670
416197753
-1930579075
-1328312105
-728733047
-1235264050
-447719836
-1770421502
-872303580
-1487198284
-683824674
27741507
353784866
421938454
1554204260
-654323722
1102191942
-437793446
-690639580
-1245246649
-1640147883
989010847
-957851662
-861527525
-907885777
516548166
-480095104
-1695406288
1865640228
-2069247308
1740955341
-1397745534
-1612424064
1098928469
-943935781
-296571664
-191843993
1783410147
-399643228
500488223
-709723672
-2035892249
-556399282
-878827362
178467659
2006390656
-1388461923
315384907
933573805
-479985054
-664179288
-2075130124
-1979911473
-1900813023
2069624783
1459586881
-1170592470
-89824081
173878508
-1835039280
1715361861
1518478371
1866637767
-887338335
-1081157301
-222750021
654174671
-300731213
-1403590953
-233191900
1034556935
1435566063
-614063342
370785528
1266528062
-1579940539
1521894144
-276667001
967155587
120576276
-36481258
1853674713
-1654604074
-1490949169
589793551
-942794253
-654641374
-92466980
367289087
-1720288935
415380330
814485439
-1554975832
118119636
1291750979
40477559
1323656203
-297534603
-996510846
-993096664
-2045652414
783875545
1304340789
1400674041
68650380
-1399872851
1030845398
-1032339393
1295568809
1505961844
1686587837
-257109029
1744121704
1413446023
1780926934
666316767
944539773
1964536669
-636950124
-882012809
-1520597864
1990273548
968461861
-1007160314
-631213646
-798224625
-341048089
883899023
-230608471
1233447497
2084179737
1260960598
1982861071
113373258
316372181
1926700486
-1532327106
85555408
1146049342
483613333
620394927
-1027729009
-129000971
250568229
-600114037
-1650775756
-1040553008
-211423955
567817858
-1360531801
614749901
-1315852392
-1149778468
-1171783536
847353668
441419181
1350917325
-162293475
-1631331748
911117167
2105543436
-498408959
1420637119
1003646534
1004145830
375618751
1878014609
-225249058
-301583858
-1139815641
-876576355
1370356046
1433089401
1720957985
1953881809
189719933
-358182552
-592240471
-19384852
-972955200
890088582
-1484665575
-145704331
450760136
-1644859725
507382446
1301863662
1544371131
-197815456
513940804
1447974729
1458927007
366890269
-1532894876
-430502757
178975999
-2039738769
1079363200
1400287247
-594054968
-1339126810
-1121670788
623077148
-1934760589
492129135
-1370336400
-943334662
-967820440
-1721412378
-1959747412
644115793
226389921
1006688239
1552782332
578847795
926753422
1126357766
98097708
585638220
43757880
444483539
52396494
2142058584
-1818215256
1221650626
564456250
1050114260
-186498167
1609575379
-1614007083
662470392
-1241337332
-1302413650
578135958
-1372217373
-1229288437
110581754
-1373116474
-139868904
237475185
-433438226
-107680250
2077559593
1183882456
1922071079
-377025386
-1893787727
1028738163
-462390596
1145210067
-1125361018
1731700013
1631453327
-533958399
325430831
-241465326
-1746967835
-145750454
-1070265453
-904203794
1553485881
1533506311
246236403
2020330803
539165772
77454653
-1799488486
-2124513761
-891401344
-1533786775
880035794
-1103459042
-58202266
1334530432
1323023514
1381045100
-2006964075
-80722896
-769995627
943115774
-435367491
363570284
-1696550204
1792146082
912168955
611604775
1340759415
-2105121948
-109194130
-1991099042
-2134438912
-292799436
255343369
-651726756
1851560874
1411692229
-1955419478
-1144527303
-1221165079
-886476617
492792427
-90506077
-626359854
-945676297
-1588959176
490412000
-2020613427
1155408230
668093602
-469529581
1290727048
-565850696
-1820428303
-927115587
266897454
-1225672546
-2079376257
-509645690
-1587192104
-1856750041
-823727549
-1965056195
-1558219453
371458659
1119846316
-748855267
1167061187
-1149483191
63574960
297787986
578184056
-586007334
-644723421
1156932026
-514980418
-1565741179
1389460300
-40267281
1868075753
754825421
-2113789004
-777684603
1529724210
-254519768
826153281
-1725219440
2134469867
395708970
33452164
2114232680
914505466
2018438115
-822745778
-645710161
783611524
950585476
2025031049
-828524141
-787950105
922762056
-1035684540
-452627120
-1403251986
14213009
384491535
-968585992
891738687
-1453326000
-1637192824
-910420874
920032792
1421832106
1606270774
-1554586160
218786874
-1527228968
-481266283
994410155
-180017372
1847082574
-1416361359
660320788
-1036517756
-1608997858
1711315575
686895740
-468913430
1054586527
749307912
1890727940
-61951810
-2101398711
-357099184
-1126316293
729230964
-261588509
-1584176233
-230466908
-2129823235
-621068577
715790294
-584452036
-1194432128
2065596420
931136653
-513348038
-287104182
-1790337203
-387948333
-1735736360
-1646022398
-1123170287
-617925458
-2039538478
-359460320
665715299
179401380
-2583187
-1910144609
-392521541
1556125330
948689594
532210416
1955247061
-506929733
-832208101
-877491662
-1640410920
1478913059
1912105734
-483077216
-2005338693
-154733795
-349267448
-99467702
-2036086812
-932532957
1436873741
1573584392
-1130108655
-1395080475
1027226334
-1753401174
-852869509
-1974702684
869147626
-461413772
-1251473864
132213439
-2051701176
1356819913
1812061920
-686058355
389342460
-1955020251
725165427
-1206995858
-224208520
-119216
-692925062
-295116260
686301798
259279312
1779505003
1324549190
-450143580
-429131362
822593873
-1170192801
-992830321
-384562147
-102183508
729716658
-152726140
-1556864953
-350135147
921143225
1837026724
-1131262935
-251784410
997331887
-1583142954
1952986769
1301191960
-866436764
1774378513
1604556804
115856556
707027791
228031963
-1862707467
982351055
-1794899479
-1152997108
1586606900
-1648690824
-172628424
1911135959
-897108828
735357524
-1034014295
1226166538
1087983921
-1665021019
755691299
604178836
839843328
1049166183
-309483176
-1917852600
-858480665
646443188
1244107357
-366108449
765726494
-247428248
655888508
-733441725
826057271
-365104632
-1245264823
1716693002
1218212939
305467359
104815602
355068736
1250646645
246371690
38193115
1978453865
182140036
1040725237
-843668374
-848642363
831046891
2070037893
-716903138
880758997
1327668220
968568824
-122991386
-1033177570
-544431531
-1837118869
-930963536
-433841108
-476586342
1690043867
677148991
2110262745
-62975388
1151963662
1139656001
1879249870
-1159517576
2049596339
2008732832
1924897098
-673055173
-974501688
-203002856
751065378
-1751838107
-625617093
-1345673207
706074376
745362165
290030036
136038797
-615536369
-423888796
-1564995759
-1262337843
-2042210962
2131233821
-691785774
-660961136
510314627
1909669931
-496235401
-920738028
757376795
-492302797
1705749831
-404330463
-2079784720
-1418309211
1751472467
-248994726
1768630130
1810026798
-1548921574
2050566613
1398648010
-1652462736
-1331125457
-693888530
1645596443
-583476491
654617368
591450200
1896076298
-360037024
-1257772423
161720180
1511463040
-228193819
412750962
-1124651547
-2134058834
-405110022
-1918614716
1622843748
-954928047
947957582
-1726996422
862765776
218641206
-1873414662
179774918
-2012784760
1914686976
-1880000010
33644521
1923148797
-480886999
-201936691
-1291497768
-2083542142
-2120900538
1284386964
-2098147364
-1933483674
123213710
-758585064
-593678215
145356611
1067653532
1734425686
1202638802
-529857384
-1815182476
1167108655
-406654389
275530645
-1391144765
1558709084
-1942705296
-1614414026
-1560677782
-1316792418
-30670315
6016659
1953139005
567415610
-1070026051
-1701367435
-548566777
-943784028
451687487
173466156
-1654749231
260774778
586998438
-1767837537
-1379451549
-60195405
-1984531367
804453027
1968371467
-921061352
236592507
-756214384
-75562084
-1264489230
2119370132
1942568209
2102877113
-534967292
2085221232
-1948624068
-1740699053
1705700027
-546483385
1382759906
-759686801
1894984611
930151197
1996950823
-1338570964
50473245
-501526165
-1850075308
1934231300
72505167
2137766399
930285035
1729925969
1681772891
-1648333536
-761671685
-219933933
-1008794158
-379577099
-1150091850
-817195024
-1091881366
1378749734
372969792
-1279723397
1988673263
-1382711101
1330587849
2008140472
-338798729
-1272733083
-1787482659
2005074656
-927480359
-1743435118
-257481222
-1817429408
-231755169
915425381
-571836318
733209383
462787514
1452675182
401947955
1342565153
1059186230
-247990826
636545460
656053246
1979327022
-327986745
-1093997072
1087144759
32056769
2006859018
762910601
-1414443439
952632773
-1414283279
-492778043
-206043293
1643018747
-1386701706
-814908692
1669696982
-406759292
811603620
626243286
-1690392724
-1511467884
1730830133
-1673263425
-1142151805
-1356893084
-2119400324
1974027869
1990564505
-282725779
1921781125
1941704244
1987273746
1299676626
-1430871175
-613045464
329321529
-551743971
1870687559
419593044
-2092611452
-1330266578
-757464703
-1673739239
-967501797
1488282223
-1025961341
699815288
1022084763
-465973684
467482841
-295137628
-1127622890
-1846903582
-917733406
-1249404974
1772690270
-446852874
1383700656
1517217108
-484148350
-709337048
1577047858
-244688923
-86625895
-1829700249
-872456811
-1165980090
1714912701
-1451657561
-1184491034
647511049
1593382490
863287761
-1575454213
-2103731796
37476520
-2078255877
-1483277933
182075880
1602583925
-48396840
-605294916
-1675947957
1942312488
-386446222
394213493
617927940
-277260799
-1578470122
-98323565
-1457655299
1363405733
-2100310642
244095464
-1135594193
71790297
559413653
-912838752
-178289616
1269048973
-808740217
515334894
464989456
-1899877604
142196312
1453081064
-1285885850
1424009426
153733574
-1760859472
-1790568283
-302496082
-662351406
1497422291
1708405427
1939256680
901879915
-921519371
-744211524
-1036670283
-2095603604
2028937132
2132826178
451923144
-1055585079
-406601556
2061592696
-627420644
-893436156
1413360933
1355222480
-1234019984
-2077923099
919932008
68285906
335101459
-577403543
1341216208
1599569455
-1182045087
-395088646
2073600735
184747542
1676769933
-1359972128
-832045145
260735173
-354186848
-1328190985
-490676885
-88007326
-143445312
1819772578
-1761604731
1795954698
-741309259
-15916033
-659498359
585828394
1076024745
-366670245
-483603030
1820737550
880176431
1615299816
-1539670436
-989130313
139217542
134134957
-1119578566
-607712016
493456157
99622589
-303299798
-1771009373
693646681
-477186645
457623999
1142692200
-672961642
-746422724
-1068557858
-2008834210
1291144044
510103390
1713146275
-130202306
366804275
-1790751399
-138700155
1691188908
895989704
-1573053372
-334107465
1751172048
-73417584
-2029304391
-1969240879
-164704219
1706069948
308020684
329631663
1213364880
1956638926
1301148472
-1923084135
-134317388
-1501604004
-1987430693
27133348
615034756
-307103724
-1480178076
1462799959
176864025
-786459137
1520047690
-865169264
259000261
-18045943
1769142015
-1215703128
1001818727
2111077057
1228575077
1143523797
-35072512
-943020452
-1026771328
-1105489968
2125288582
-1353412353
399373933
-850816329
1244641528
-1067643587
1960850067
828273715
-1729691982
1498907869
1448189719
-896801571
-1930720766
-1969172511
1429596053
1915223261
-1607057926
-1402472509
362834700
-1740244268
-1403348089
-548836607
1857143576
887196923
584793538
1701536988
-2120611225
705890444
-1889974395
160599387
550803045
725955424
2010420801
-74312298
1811486778
-238320679
1547423247
-2048207824
-641115915
1942092545
-2098687228
1805723172
-2132671223
-720503565
-1936358455
1065981892
1793604343
1709820793
1830865257
-1949787649
896848204
-1663400202
1749504108
-1723742238
-2103867442
495638918
1873936165
1199013985
2146146290
2030219363
-1418756792
-433858474
-1983752048
-128538742
-729128769
-555734840
269478105
-412087395
873780157
918601072
-31123832
339252747
-1124071406
1243506553
235991895
-1920776339
-1784214591
1746925703
1717554612
-1094843341
341430991
741468667
1560576180
1477302143
1504610909
834319476
661802823
-1338900400
1361873145
1446943640
-40059219
-2069353245
-2042269648
-2012351981
-688511960
-548501419
1304843111
-1211819553
1960630771
224820877
-1137444886
160810182
544362354
-1264231848
-1927118267
-1127925468
165046442
1311646164
-540400430
1413717745
-143335182
1730303250
-1222663277
-2030266113
1153017066
-1590856969
-925843135
297905791
-1688447060
1430874210
-202249820
598952137
1489139522
507006355
-416568027
1091914075
-453323689
1091704266
336322977
-607618014
164385072
-1626663634
587693183
-999134728
1904024540
1854046448
519535108
-962706
764860330
-1464447568
-2136185371
-2108539958
-2126550565
-949219297
-119973603
526097491
537222552
-525024284
961577217
2032056267
-864414939
1357618371
1268286353
1797709372
1625501271
1114523132
193156367
-49983241
586152003
1905210353
-974892331
627386073
418818103
1613294602
2131539811
-138235696
1728628718
-1052547364
261274551
1586897565
1936533246
-1733627768
-1185351199
1786348506
1476465045
1584016225
-2012158762
-254923457
-1880506780
1359943889
1221355907
-1578740192
-1441126438
230509692
14683429
-1678019015
1354810517
-259150427
-23585577
-2055045202
519295765
-1126274351
727237228
1660630348
1881812146
-1841560663
-2014702978
711467284
-1418079281
1505135908
1580099527
-848236806
376746320
520393701
-124608593
1527328746
1007629640
1392984289
-1402139611
2123483403
-1568420105
-933649340
-495374671
353080134
1390505971
-2133898603
82546890
-1521094903
1965199012
-1436254185
-428192412
383537223
-1886561291
-1520114062
913055693
650249923
1458905159
-1296875373
-460780615
1993066126
713028521
845650127
1105523355
121287886
-2146220730
-962124466
304982581
-440075072
-1849891298
2129366694
1504405618
-2079051521
1603635960
-1960477498
1203476595
-1343095547
-1611335273
645959189
1232825575
-2100303118
10442027
491592922
-975649889
-975224436
1511407114
-621381922
-929747359
2008694406
1370470559
-2110624945
-1909443333
418394373
-1161818206
-1929293082
1684743323
-1445316513
-1572657783
-1847331252
728367197
1580641061
-700126914
1914631865
1201301286
-966432157
1645208081
-1472619298
1841463983
-620780250
-1927018769
408957444
505893860
170512445
-1939385132
1949321077
853209198
916903492
371513470
1794609178
-1120369266
-476068898
830873442
-724291483
-929221588
1837331521
-461487133
1152362609
30022191
-728366602
1054673089
-788808602
-598926065
-385875999
-776751153
-274006238
-1894561369
-2035696001
-23283736
1565844245
807460175
1898914159
-32371165
-1139837588
-1298641878
2046609715
-972145083
-762894479
-2097489732
611292471
-1913241993
-1451275727
-1188917058
1910227473
-243109320
-1418977186
790545205
-504289271
1162338452
-108942729
1830372288
-951689764
-1679681130
1637912869
100405042
-1674787907
97615610
1664930280
1274291552
361478812
1999168550
82842098
-664294341
-660501591
1616951643
-1960592558
1036169248
1231864859
-900385241
2019379285
-337701522
979962157
-1143458018
1400463656
1057066841
-143218584
-526990647
365473730
1454288893
1433692199
278751709
-1798599168
2050516405
42425432
616953519
-680005103
-569017938
814007167
-636739609
-809026285
-1004936266
128856064
-1150406029
218091518
2059405145
-869236323
-1428560193
1946716865
1243622958
-1193643204
-1393240798
257071530
422892398
-1115176723
-996983397
1774728458
-1998613307
1275734572
-1733880132
1576351512
-2062820244
1797903458
765237221
-1500992491
1284085879
1760219569
2025370293
228376753
-1358195861
-1008873487
73478078
-1222331731
-1822801389
-1960954892
914186871
1991681984
-1484449133
1442850065
966371446
1407291071
-1494628163
-1550496544
-1385748514
-1600295177
-1215704157
-2024321214
1859420437
1164364253
-1499690900
-541901149
1116956602
-58985751
-53199253
1294045314
1906988758
465404350
178997357
-517319119
1710281808
-1591655795
-847370415
745389529
-1354238042
2058963131
1551749598
1573199809
692594650
1598490562
-237099568
2064718799
121128105
158111316
2119292468
311266126
-1733185790
-1274249275
1948674805
-775140623
-1751653194
1686816681
1634215349
839131415
-1488870549
-710409284
1587470305
1618035792
2015151830
-841371646
-147704321
-111589857
1375032872
-728686289
1117033545
1562142209
-593791799
-1256933048
2134505599
-455438163
304818755
296043145
-883393287
399675294
-1024182912
-1595698039
280887547
268840142
-667984072
403236763
-236486068
1410748099
596770724
1892055672
1681652745
-1443475250
-1918391433
1070034458
-1625956682
1782979474
-1763361778
1796865002
1852011925
186040771
-1897421083
1551067676
-1420309189
1523950895
-2054924211
211051098
1395322719
-447322110
-1585969829
558468767
880904181
1840524869
1138501923
417243237
-1795078277
1011282855
-1386569434
-761780733
857249425
812775808
-308667128
-30748081
693464783
1323077906
-439003771
1382881930
303066322
-1510554095
1882865318
938102397
1223585688
1623174501
500017455
-1798533409
-854828787
1121672237
-144504997
-16431623
1741538277
1566755591
-1157674806
233965196
-1031748948
-508024434
-654769734
1077277938
-1114244070
-1555143133
446124405
-1151459710
-129124180
855305712
840186890
-2090245320
749712751
-497751766
1090415423
-21834347
179097630
1276475285
-1589540155
692565188
598138991
-610225843
1574679469
-1616878338
1586254505
-501780542
-306603238
642124334
1232754554
-20045052
77232184
-261838633
2041691398
1812281152
-159918740
753135925
1658307907
1401147017
-117653299
1050613922
-1807905405
-511847716
-145027118
183919931
-478291118
-616913826
377793099
1887129539
-1872076159
176285671
230297749
-668835898
205445250
-1691862589
683577608
-327932415
-2036242186
1567475894
-384442188
1978202369
1264410500
-897770176
-2118775987
-1338943479
-46261524
947425571
-1076629917
-874047432
-767713957
896088866
-1155550251
-918437909
-1264890368
-599108854
-215351417
489337952
-123420706
-1046982155
1442956370
951328155
-1455189532
-310684979
1218835516
-843078516
318815290
622360335
-605716504
-1462734991
-1889607971
1796101073
1123768655
-237633415
-697146003
1289530117
-1143247440
1114888874
-1816685499
-130550529
-285160763
170135811
1116984012
-1538425292
1557947191
1573987300
-1611610358
268770628
1829185106
1667616942
1312102014
1805239609
-967745796
-1063798874
-1194860499
967997457
-1712026141
-1457783778
1099514878
-1900454535
-825478411
-1715256618
1316719429
-1664679461
2127378965
1575793311
-1115830627
-78380646
-130351349
1905646401
-2135821062
1682154652
-1735123781
373794462
-315226115
1207840264
2128793
-763447274
1752717706
947512400
-1649585316
-2077237715
1139107479
-1686235791
-1315236879
-2047903125
1949688646
-1218733191
556558770
-1655897213
1988197430
655009097
-1237004073
-564001353
-1028925162
995477404
1471704108
1722172794
369538170
850827847
-97119484
-1374623658
861740273
1896375746
1290783340
1000917007
1279865686
-1350982426
-1229644380
941904905
-1812530586
879582968
192285130
-1201953562
-1031009389
2122948069
1583116504
-1604999565
-342538985
-297761585
-1793767472
-924615740
-1504131765
569756360
1958868021
457933213
1710999352
851090908
194874557
-1028156653
374420590
1454781012
-756485821
1748006002
-903938028
-1292795335
376172034
-701855647
-34234560
748749079
-116859392
-364498108
-1198116216
-1435547646
1673756871
-1725394719
-1936116519
-1929904675
-713885862
259481669
667992966
-757956647
543300711
-431142424
16700324
-998240708
-677336136
-1893080049
-1255610220
-1886813853
1660611823
-843900559
2019041248
-1839936759
1035261298
1926485533
1798153803
1945814985
-729754205
-551674214
-861869534
1894393057
1241105748
-938150577
-1900142888
2125225528
1365943162
-1486573019
1402004945
1257117858
1965432096
1381412970
-573558659
1681677409
-614789219
-717785352
2090708905
-1845726226
-1049462263
-1875591530
1811702801
222065402
-170487316
464190109
-507042759
-1185502801
164228920
-282048546
-232182916
-96303046
1945174905
-1826298429
1546126949
1796322957
-2019602358
376413619
-135303107
-1715444639
-803401462
193903803
310703588
1785468282
-785298480
-947092630
-1231916572
-1149997522
1653046683
2096115707
1163113922
-96615385
1095194061
-223148359
-156961641
897939303
765998298
-2049770337
-789265696
-894150772
280060476
1100146750
1924513681
2140903765
-2081215062
-1324196637
-65455505
-439541660
1762946952
-1964665864
2057137055
-2138562235
2094210208
251136170
764350585
-834707538
1607328018
1451928012
-1404599903
189697288
173536905
-2016885254
-1846700456
147360557
385329583
-662891007
-1743722225
-1868523661
-2075966750
807569790
-1898163907
-1811111447
970409511
-1893549628
269854321
1512002784
-1470349730
-775018749
518922410
1736216749
-1455323209
-4676699
-1291327002
1022582700
1664470372
-840527365
-699747080
-302733690
1941778064
-505554920
-60133986
294524087
802176655
2004332029
1570788818
-1794827958
611210326
1769908726
-985127840
1722146791
2143345964
133607234
-1508378440
-166290929
185902753
1151509241
-1446823931
-708863835
1758024639
1496714026
-163207298
-757270097
1587966335
1356790851
957700091
399961694
-938942850
-1565067083
894383818
449437003
55736816
40871639
786126787
2029511939
640765396
-1837465333
-2034021223
1936818885
1274194025
-180820961
902176114
-1847893623
-345384736
1001660405
1591391930
1242797380
1178174290
640904805
-586489804
1054393962
-590757901
2147480673
-1273097903
1220153780
2390408
-502976167
2066527941
-1547788253
1888796438
-906067743
-659964586
631257923
-1132659493
-1949789551
-1309051402
-1402707532
1101222018
712506412
-762697964
668180454
997354641
-45856252
684973870
-502845149
-845103323
728314268
-1075159894
1749101778
328650721
1746258575
-609935642
-1648114695
-1257699036
-157552209
-250678131
-895462653
-1765252999
1301297776
235903788
-1732293693
-418344365
-1079176569
-413711356
-437371976
-439229191
1498545102
-1950543327
-1697549678
2128586431
-1147010966
1438573995
-1737814796
-1530143882
-1462581970
1608648827
-1866373253
-1697919707
1383063106
-1801875471
-817152513
965243896
1349274111
-1756329980
-1553466600
561572216
-1592379875
-1216136295
512687076
-1667998980
-1130401008
-239849959
21548038
1007431519
-718325330
-1715561923
565288433
-1936305166
-459790572
-1613657557
-327908507
1205527732
1696043722
-1032069946
1109600825
1662493632
556901157
1306709057
1187389787
624882694
-1441807379
-138294795
1824385557
-520139971
-503487682
-1033125003
1187862929
343625496
-335996749
-1275910946
1940524702
139071927
1745787584
1260334194
938999732
-992337568
-2138036641
1999266664
1449223477
2143903598
613170414
179261437
684491765
-714157432
977722455
451261646
1841634300
217245718
1464571249
-73141911
843546506
-903489295
85992613
-474130400
-2038983077
1728783705
267743444
630164769
-1817292501
1661754411
976163960
169755331
1206669691
104112467
-1032334072
322823970
912837013
1459201919
-459559775
-666691859
-488646450
-1741811436
902187490
297134461
1303635979
-1375441819
-313578985
1222994474
-433468795
1942568738
-1305824872
556323546
-1371560240
1533924622
-458627469
1197562842
1159392280
-1151023628
-89607864
-903301904
705288110
1106011867
-337328012
1329953712
249122498
-571303304
-885675662
985678606
-1257762702
-2139048733
302007421
780730420
309101571
-850041203
1271348856
675672214
1467131757
-1052908943
1382214930
451038530
-1351884260
-1877036150
645558565
-201040004
-87900171
1185936772
1166644063
536332937
1602279574
-872946506
-1252702429
2048007883
-290101534
-1614153394
2120939441
694487566
422532284
-2059402803
174392195
-1024280288
-1679442159
1032188086
-2123298310
-1865531738
-2003421668
-1750576767
1799024442
-1982131411
969948644
-1600087850
1009367633
628884095
1058657033
1524220919
923382174
716380727
-2041514048
2031811453
-418293392
406416791
1730841884
2104307014
350566637
338608793
1827601550
-596913747
1159235892
326007875
1033467311
1606438908
-1243139386
1268274751
1149682748
-1433749986
1187495201
212911530
-1909652896
527546264
1832522925
-383380692
-903500999
1430202298
824330972
172261960
-1251487339
328033041
1582085259
-1259005452
1210613499
-2141365217
-1968502098
742908524
900955890
-1330364595
129003821
906210370
1760500349
1557848608
992774152
-964512583
-1033795612
-1412927061
2137254592
-1782269100
213324473
870650948
2099692025
1024744617
-1087094759
-1192725894
-879998117
-1272527238
443511602
1382243142
2047114170
-1552279291
-1755195898
1942157183
1625235318
-1456993894
-1416131986
1754218643
-1401283293
-760767890
-79468704
-712135053
-163660181
-1169032273
595248756
2089570511
1857037107
-936646184
136455587
472434563
-1958001924
2075532613
-1168400046
-1037447600
1813717131
-1516462326
-1714124146
758730702
-1242950708
1833309951
-983589479
87569313
153308659
-1799264481
-1977770843
1329880043
151387108
-425646062
-1941024033
-685996543
889039573
708434695
1845511086
-1978334624
-1391865040
-1934564153
-831157700
1535866849
-2074563139
-1651005945
1970842933
519513644
282572544
-575716099
809790157
1670798186
-440498977
1395063861
1850589448
1351684414
-264318328
-1720712540
-1418742219
-2123111179
-1160845679
-1059102467
-1897093702
560324347
-885934240
-318289853
-1011804905
-491864688
-1548586548
-1388921442
-1702865628
-951404868
1329546756
1378332530
-1301056611
161736064
-731275601
600885166
599212256
1364776525
588260948
64065377
-201429516
-226826567
1574518524
1095022482
803800781
1697016944
-102051818
-1020421296
-1594700595
-889071768
1857457817
611536647
1083061646
122700632
-746577041
1756156181
-953544226
672607338
850711569
-383307876
-717479670
446577455
-763195026
1724364697
-2058677153
-1903469614
-1600745199
-1929805515
-862533907
-1605593968
583652482
-185143973
77966734
950292327
973357803
78964874
-1494564058
-884733171
-33212162
314509035
-1926793941
1017947939
2051715862
-1783575131
-1855892377
-1488273494
-63015524
-202785424
-679768580
-1673999435
1935857579
-1143016856
1291874473
1819800416
-2085678089
-1337561821
1906803275
1326174464
-488291350
-2105190139
2028530085
-1770745445
1504340239
1116464082
-2101923741
264644762
-624219981
987658884
-2088459941
2119338685
211688905
-80380066
2051655446
-1949817778
-199301874
-384185024
-1969828209
-2063270247
762005357
-1921672131
1091686970
-1695397734
-469883228
-1787389078
-1100983993
-742181128
345640998
-979938312
1335514919
1328377650
898603587
-327997051
1883903822
1457549847
1042935685
-915829842
-1461518021
-18564741
-573690787
1045048552
-775450443
-555582169
486568703
2089636496
379936342
-388279535
1481365897
-80178625
-1939655603
1122049740
-1523018134
1136758883
760556382
-1291320255
-28438783
1061524491
-936963027
-159886945
-1294685052
-343538687
-1909608260
-782199665
1407556387
-578346723
-372014542
-992522580
-527116436
-407924264
-1780601122
-725680846
417607153
-1608740065
1318438010
1236690932
1492390183
2059919977
648501939
-1119196269
97610128
525972747
-1892623896
1346220780
-1450327012
-1789767478
-2063865294
-1358031918
1061257932
-1478747727
1623871140
1999012605
-1485966439
1716529445
1307979987
-760753343
-1271959149
612680246
-36888424
1486992386
17691724
-1482803401
1731513364
-1086807321
-834883210
-426765168
496284660
-70466355
822064330
-1442470703
1743806453
-2046764546
351834667
1933976075
-439232598
-2067807838
579442187
102377563
1666999164
1532117108
-1483663347
872234438
-321136142
-276955463
-4926484
-1606450356
749010227
-473829010
-1165005670
40428343
1482665160
559129280
1318092204
1601196211
622587813
1606684097
-1719542028
275704995
1612651113
-1016463016
-1179976081
-1885330511
1701221860
1260076664
112555105
-1745020505
11667930
681362835
-1643891266
1775433213
-1698762746
-2000287919
895551692
345564594
1987826529
-136713091
-1090904059
-1522276769
1100595107
-548148929
82050881
-2052870520
759604489
1939246992
1324486420
1177896757
-12340135
1556894953
-1778744716
1569532608
758576931
-31293635
-775916897
407108849
-1136154552
881945898
-855026373
1332621383
-1308028736
-370889366
1007759550
1666722968
-911217513
-857171569
-689753329
566610652
-2050319304
-1144363025
424840813
1938635332
-881547795
-49092388
1336524944
173187729
-327005275
-982293736
1877256205
2108364708
1521039608
-266386553
1034685438
-599608752
1786219880
1675924518
-1852868127
1124786807
1379583722
-1142919621
-1402692160
2134068820
1930186916
1053547470
75593874
-1727999212
-2125350410
2125519959
1442388193
-1162118484
442161598
-1684111176
928561580
-1591379226
245916120
-1041345939
1943890830
1601868219
940156643
924613121
-1057444833
286806760
812163146
-229156669
-2122543207
1004878523
101147778
520260025
-2094112578
1637194285
-60643952
-88834603
1980291833
407547957
706802126
-1259002010
627401411
502891610
-55657235
1886873809
-1126834104
718034570
1168340285
1525561984
49225801
-695551958
-452187861
1295629337
-35791037
289514094
-1703116533
1219994867
-694230319
1764105705
1032786200
-481966139
-1705720498
1682067303
294275000
-1321427552
599545790
1831206394
393182211
-1768748002
-1687503378
1674634834
-233971578
-1380197669
-1701926695
-1868665006
-385130941
-421491676
-1281338548
325030879
-428762116
1545899246
2097292493
-1639377414
2121119152
-2099843062
-582082887
1479102224
2127915109
1026042005
1445623724
-1262866032
-2081638872
1868330932
323094820
1377390526
1041450578
634061185
765686632
-256312378
-1867446772
-914047680
-1701569626
884659476
1647168788
125678805
-1106089893
1842697954
-1086846272
1288062842
1460985847
1525365778
89833283
1762223020
474615232
160746557
-769440466
-1839207322
-1376300811
759719435
-384061638
-1445413487
-1429013961
-959391036
-1679376828
-233307206
-1936172252
-1198166233
957789080
275241733
735751237
136353146
-534215823
129984865
1132850473
2123347170
-677303360
870639612
1103831761
426217972
769864492
606228473
136812622
552479883
1378784346
-2008310176
-1257437783
-1444665637
1100847469
1532027734
430620930
59050438
1880452048
-1283092339
1672895995
-380175762
1464425522
1969863421
-1206624426
-406342390
1784424146
-648461357
-702030116
-199368451
1939519484
-1034937175
1452953472
-786230748
1065366738
993139448
299548100
459017071
350964815
-1275588918
-1264176548
921310899
1114182793
1611337907
1776360208
1602848189
-335939531
775043841
-752624154
-1513181015
-134645648
2013676082
-1160054145
621020533
890881724
-1373527898
234708417
2015427792
-1829733560
-696563307
-1235104842
-1015347144
178383731
-960161982
-68779085
961465667
-502471533
747006064
-1607695684
307315259
-1850683663
-213999339
416942118
-1638039568
1352957208
-1520270771
627982462
2102222026
848571215
1791135121
-1444267351
-1168628451
-1373539486
622323496
-986608820
2117338305
644364456
1968729053
-1152957843
988542432
-854077374
-1320555023
-1766713510
-1859827439
-2084574816
-1143485101
-1818431799
112007846
-1360725175
2066571022
418848576
-623425215
-1670891558
818599938
2049578935
-1950498387
-586461361
418492118
489704571
-1056427030
-291995519
2065738028
926125652
1792116105
-977551633
1009190934
-879284246
-1497262790
606204096
1054443465
1219796324
-272161885
1832880392
-1712642416
953633361
-683215502
-1703935414
991356675
1601116619
-162364747
-1976304323
-924384904
4105433
1808385896
-1234434093
-130467656
1522336533
1852901711
785010806
-1872280075
-583468658
-1589860602
-678049388
-1409970181
-1547324433
-1314765738
1971159389
-2095472218
1289186272
-1528830007
367210955
210572179
2063114923
1058987391
1139821794
-952574694
-697904861
1466004290
372836665
126894203
-2064666175
1116201432
451228344
-1657682346
-1202288369
-408291431
697222050
-1277690784
-1508175800
2110281792
377653717
-1928664236
1559356992
1873896965
-1693492144
1637775398
114862721
-870111254
-1235966730
572073086
682501814
-285949611
-1983298927
1591861860
-338089395
2041007838
-1061157096
-1010110665
-368116649
392641642
-356559308
-512038429
-386627663
394553464
-1714051072
-1986750382
1902355817
1660463290
1483535376
-1953427422
-691000999
1257866215
-1313126219
-548981095
-1663134440
-787794737
621744766
710331349
-570911469
1373129391
1125767168
1851553095
1942596598
2087877318
-1119588902
-1573422238
-598691760
-1663666392
1984161523
134295182
-1042743179
-204087599
-925448955
1994467171
1677234342
-316171524
570830175
988337683
31340399
-544195147
-1614862874
13899046
-1794253744
-669436499
-816570788
-684477587
1298033823
157739853
-1716041244
761407792
501725868
1890261773
1497533637
-504238935
1959570213
1269956869
1995047534
-1723328074
-1078963012
475933123
2130862009
1628266697
1516959238
1188035679
-1600866957
-246779614
-813832794
1169379789
30234396
-140225984
672391338
-50418318
1219226090
-947887980
1313692468
-1273697543
1962336275
-2111905417
-26298531
-1644989082
2144658508
2000052830
1551926869
-836478102
-1164772980
-1064741044
1246771150
-590555911
826692373
1150463111
-4072550
-257552871
1130703028
-1526906994
55171474
607603453
-1805513914
-1603964087
1819263930
1367718226
-1928757890
186864514
-1263950174
-572554537
203019494
1540291476
1173453838
-1683163853
92907299
1964520545
1483514841
-880028926
-1670297732
-1566212727
-1818786027
-1918492112
1875908765
-381815337
-1176123017
561449866
380548759
-960178433
2045357298
1782947730
548093226
868513926
1276873633
-1429826414
-586338745
1102188033
579111913
-137145869
-263013169
-1645046655
505279198
-1036657458
-1493074015
-717446323
-1628915483
527333827
-2002726701
-1535503407
-573094757
1381046281
-10199746
1594340567
-52596747
-73016890
-864966593
1432386804
-1474741336
1641631137
1309902780
-970657724
893965515
1249783188
1893391461
-985223847
-1159147335
-366233850
517737020
1697338736
413123388
-1000280040
-2060651178
2065253349
-45444377
-691638721
-4225310
1987299560
-565235774
-827493870
-1829699990
-931931279
-1240362964
373582948
-1058630823
1399158384
-2034165763
1575370901
861153980
-1002367671
-1183658518
-1771382747
416425292
-889453697
-773913811
-1598760055
1941146028
73495470
-882945691
-568220607
-1348595986
1861325246
640946874
977124394
658099035
1113785429
-219760572
-1183744496
1550224243
2050396557
1729143469
1736354695
1338053938
-829170969
19161364
350292986
-266151020
-559848322
1649506868
1756457220
476767835
335108991
-1669782587
-1228178434
1099362831
452972504
816614434
-320036648
-1734341562
1995855151
-1223452117
-24485332
1304309797
-1242284267
-1650112660
192754320
174761766
-2018907013
1980299390
848095019
705770011
-1656170908
1854568365
-1951283318
727465586
-665758244
880834010
800474804
852011961
883053864
706721187
-653084293
-613292700
-952737730
2092123328
2107481620
1541362894
-1849898889
-724277329
121653482
-1448579203
854904706
-2034033773
-460780882
-933960278
1067191707
-274050471
-1242487886
-1842170625
1595967229
195644700
-1556211593
-718003294
-447077227
-366102326
2060139396
-1635522702
1184269303
12611847
1275166841
-1784808049
1484608149
572591441
-1273959325
-1482688993
939698221
514497636
559953744
1433122895
-167766909
2109616607
1281127206
1466172056
-530295728
-325703129
-2070164560
406465347
-1737170566
-1481684854
82031609
-1447500498
-694431100
1730352039
-1462496035
854592720
619691335
-165604338
1358844124
-1696480903
1380618466
1080744227
1195913521
236015326
1939839726
277932103
-1427632094
1683532501
-141546506
619510328
-2109156199
-680424612
1279364901
2050501304
-1896246540
-1511302945
-2006038207
1734475372
2109073176
1779925178
1238880984
1094148871
-137274420
487189499
-606256712
-206107225
1965126467
-77357459
-1135700573
887282558
1260856570
410632657
-1311007677
1874073781
1089594564
751542638
167288923
802345356
608405282
-1428268596
-620603329
-32599611
1293784792
-105037637
-1509046395
882456130
1314254780
-1161148006
-1318582275
787133676
-44453167
-1720063531
1821715933
1446969047
-1910315117
1934246319
266124096
1192059043
1540775572
-721580735
392517329
-1477769947
-1882937017
1142694337
-876037693
759201349
-1193133285
-2126349561
-1960572668
-1185646551
1786251211
-1794892467
892865969
-72615278
-1827720460
-965456074
-294649653
2011356294
-1313889049
-1947078639
1205657131
1764052527
-1196255040
-1662783906
-660704589
-1499620093
-135825481
-907533680
118659526
-55077340
349869493
1892586004
1756782073
-2125649144
-51207382
-824746351
-164892406
1139162204
51570717
776594801
-1064063216
-1989169371
2126355588
-924855392
-1114267404
309080104
1452470741
250032532
861680159
-303871604
-927030820
-274027636
-728232588
679063229
2058294991
1658821147
1907381632
2020074130
-1416724321
818777831
1992403952
2058525617
866610064
937126318
557956163
1851427634
2070129675
-563463798
1128545728
-1116771966
-1876053070
799436405
-1732665175
1548512649
292135861
1165762318
-1546724689
-1023241713
-1925402525
291727004
-333904215
1448562011
-1859212797
-1920589997
2142161792
-1291542755
-954548507
-1609532202
284999278
-783181683
-526267725
127027965
-817810329
518570707
1403111180
158258391
-1519438122
-616298583
1448816978
515225586
1526697868
2119958590
-1960412733
-794875943
-818798603
599969373
522768326
1888118237
1353774988
-1406082098
379117447
1879404824
-1129718384
-150184964
1092179141
810627758
1619673591
-1831220265
314062570
239446614
-1948989021
152022011
-276860325
-609362152
-1018762797
1437843729
2037654289
-1972660136
-1091025188
-1346623883
413627496
1949246226
-511391209
-358359271
1272261175
-745560218
-236084451
-163770200
-1288100064
-451620265
1408018481
1170820334
671515688
-125118513
909691389
-989688458
1451232649
-117042970
-1695445375
-280640140
274413766
-1668564381
1465042760
884616677
370403328
1202296706
1009841884
425635828
694718088
-2053210889
1272060283
77140383
1855687349
-816707534
-356662006
326682778
512739574
-897972507
1130026057
379164531
1319371818
-2093985086
-18869945
1152407798
-1382992082
-1121704567
343970584
-963732014
-339340361
-222418623
-921451834
-1357905796
-1828547998
272550085
1225014148
-349285549
563343369
1397916801
995097129
1520962820
-1295864744
-586133635
-1441296420
1383503663
-1928766049
-1592641381
-85898229
-301440182
-523997719
546890780
-107966048
-1794315835
1954026828
1085184360
744541046
668923759
533407106
-28907250
2016850953
779873559
-785745224
-2019283192
848421997
-474163850
-2064505434
-1759742652
-191635839
-495946420
2100732639
-722765217
674301540
-767313464
806990697
-1940397901
1626554150
-1722275540
-1657034096
1884146067
335355586
322845105
-225229578
1425105109
1517808972
151237287
-620536593
986717328
-1249516698
1852079072
1319571467
1702868262
-1636475912
-1339130034
-347985421
1457920388
1351150879
-36732693
1942808696
-900340824
645110885
-435285800
636447977
1398739299
199729715
-1151534135
-1129156956
1005323615
-2037813117
21683615
-1376779537
272569444
1350562009
-2004501930
-43479544
-437968170
888548723
-469450464
-1039322758
-1997138302
326228415
-160916014
-1588442191
289677465
-1792709108
-1933247361
1450302672
-341367813
513526404
1242309474
833545410
-1566458951
-75066023
-1501575424
52956815
-378427947
962054207
-149390194
1591295216
-445278645
1658986777
1946644111
-1454322652
-135350700
-1966904842
294401985
261528836
1841583081
924240958
-577566663
-300925611
1347716485
-1373854936
86866125
1259258205
-238762449
1818788207
-650465103
-815258952
-722350665
-1191354812
934920548
189216875
-582080193
365632901
-510960436
612015161
-1443670019
-494934225
420891039
658247989
153186366
-808254959
-1349240315
-806404200
983929005
-1852430910
-1962743685
-1930438188
1885315540
-1590331435
-133193990
-931889432
-1734071325
1478338634
2014415960
-183702026
-155237200
1694687559
2106166253
-526950638
-1633035777
-948273657
-404470920
317855068
1381161986
1845804305
1671805764
1684766288
82971682
448979373
-588000122
88371804
-202214400
-706119533
1374110217
951937714
-1587623754
1774564325
-832510196
1952497759
1503280737
-702016928
-1633959830
617171100
1641320419
2004207053
-1634616325
1564861028
-1907343643
-1681552196
1825317434
1420806470
729698330
897839988
-2053212633
13812092
-1151137845
1113993253
1649733486
-266112709
-1377080690
-969798049
-2066877751
-797869236
-1760328104
106208711
1569205410
-704106790
1698285494
480811015
-1633340933
2055856270
754704215
1214820870
1543162770
721371352
2059271117
1532578905
1028345663
1783972751
-188392556
-1309133064
-1772115039
1847159997
-270828718
-1221034956
-414971399
669882035
1811899488
-1573165336
-1349375403
875136354
-2097225847
-170444818
-1597841936
112319213
1881772048
298794709
-1221442600
2138128761
183253751
-1817687600
504933329
2035932743
1715650174
1145020656
-1435221127
-425565691
-1730970135
1056571541
972943788
877873760
-714127994
-222083294
268829737
1668163805
-1914901778
-1687238161
-121924747
4326121
2055744906
378766723
1177272575
-1373823186
-182477991
821992706
-1082903676
-1078078425
44400111
478797028
477525428
-2132202506
-550235200
13317351
1292901142
-1264094859
-1963615842
384654662
1555418920
-82576758
819259520
2035358507
1888334537
-2102475842
-1133270140
1973016673
-116937765
-1594642160
1379889718
1790935629
1857588004
-974878713
-632347886
-404036578
-1356387212
594540294
1900450375
729870403
-2021067507
1433484771
1645625533
1326755101
324883518
782846905
-1807120551
1413396726
296626769
1942709757
-319442305
315922736
531970470
-54219569
-1870605864
1508460737
822412831
1057427602
-643874732
-1113343522
-1772763457
1326812350
307439730
-745586954
1123896717
-1390887948
-425097026
-2133520671
-1071445570
-1121969838
1252293787
1762482265
-1171290094
1092977416
1299893570
608802984
1393104253
-30551509
-2142171382
1054943651
1218799626
1882889161
504418025
-257672490
-1785564676
-277975236
-1186556870
849914368
-426327242
1560683971
-1808287040
1445424833
665591004
-1646323890
-353539862
1662553489
2040339257
728451224
-553507240
1839646196
850991586
-2005801349
-1512843619
1299410923
-1633700324
-1374969217
1536433222
-197772115
626496378
-1540373325
-53647333
1103875735
1593460426
-1725954368
-1802291036
226581600
-1988523215
1766755386
2079870446
245027728
1738548629
-1220899783
1875760527
-336318926
-172811718
1433763880
1616564966
-1955205176
-1354884945
-708056100
-739555417
2032139646
-1797242389
-592833816
-452271978
434980259
1453108402
1082535726
-1204344174
1007020628
1099189309
-1214317383
1729205204
1255990137
-188408551
-1409896758
14269816
103894005
-1132151729
-614489552
1434247485
-1782919655
1856687300
1626431708
-1039183992
1674306392
421646050
730974900
1599162798
1990974273
-262451592
1403484071
-2060403598
1712709033
307137246
633841409
357408460
1466522663
-1678312099
-1836888065
-224462612
585868996
-1614126643
1503405990
1102239613
1581357043
150218110
572764112
-740053202
792955838
-878813093
2123604871
-1937640339
-1648552382
-1133593524
-317696875
-1181160587
1842163037
2061496028
1576717915
-1629358965
649247141
1501997340
-419311135
-1326851965
-971193701
-1764023866
-1807876306
-593503863
768911904
1729011108
-455688230
1555991581
-1140053209
-972645838
1651689185
-151339937
-855634005
772636290
-208651847
1994711948
1782305251
-1369246113
1712182949
271446472
-405168972
1658084277
703573067
902328349
366829415
-1926770129
301938308
-479510845
1652615323
11204898
160429171
1401648033
1832008829
-908044375
833539032
1765219603
677681717
-27990256
-2053911130
2073226478
-2056788829
223960949
-1819070510
-1135013952
2021745226
1206987436
-1371303827
-1277709221
-675542900
1325605219
912053748
-1747843180
-1953118697
-1191807354
-768327450
-275863480
-787316577
1034450148
-118521193
-1567959137
-267077171
-1488063726
-1630409404
1492773268
40308598
1654497679
-626781850
-508773964
-421459184
-288450775
1801935947
141895717
-1547373471
1623768990
1317833697
383116009
-1558471816
1385894021
1660750804
-821100700
-424784415
-1155159954
28610524
-2086918117
-1903269101
2015640648
-1297514673
1933664958
-2011345875
-1599637757
-1181219331
-2012237208
-1686211871
-1244516491
992796220
1050352164
763966384
1436129409
-1656084415
-701512781
1005473623
1838534518
-2047745359
57429643
1536765832
-186487628
1359403127
-2138862813
-845432099
-1310393707
-422701097
-775412115
1081013257
1841919625
-920107325
-28767836
692181072
-2115813246
-988059539
1802334791
515060024
-719119213
-1631918051
1542194788
-1964356223
-4642093
326980
644376857
-506604207
1526987143
-47596336
850858839
945237427
-1571023489
1126263745
1451193577
1190403906
2019409088
-172169477
-1359961676
567260193
-1974954141
-374066082
-2051207360
301367597
841456316
585404691
-539613578
953798262
-823035203
-1070558936
-1129796181
-134720790
-1577824868
176825439
-920170787
1605007186
-790280780
-1932028862
-620708293
1165710466
1310172584
-1679700101
842220778
-1554587444
1525437133
-913598879
-1979206650
-932642635
1035839945
2054577366
-90569754
-368021781
-1566475913
1647506767
-1581898844
839102325
529877006
-2056693453
-785138469
1576370732
122111617
-1673256343
-228331598
-135690135
1274058279
790727212
-2049946855
-1539239425
-1009007458
-2058026719
1153074514
-1231862421
-444816915
-958286678
-759121741
1608718154
-1481845528
1741133180
167913641
989381899
-571289128
-889080978
1734136576
-1781807388
1324291930
-840039788
-1491316384
-1538953975
778425735
-1211900532
821481242
1215536155
1125737301
-1925195497
2092767012
-2117706530
621553212
-1946108693
1542389346
124400431
-519647204
746239430
-810176985
1820094516
1151997789
1780683974
1255772922
1056306132
-517911208
-1194840073
2086794140
1593577833
-738363659
1361983533
-840403895
-888239180
-468268140
-951904236
-259323330
-108733423
-439566800
-423055227
957031291
-1338230549
1960506561
-243923430
1062274762
-210038927
1417400802
-1333447676
-1820938241
-467278711
-2030603084
-1800587237
1122872448
917295365
-431467775
-404493258
-7881721
-1093137132
-1771253341
-46808900
-1469957722
-2079506694
-1852866777
1237716091
-1506766581
84836611
883283116
1877214648
1902265349
214913716
-1564499695
-548554618
-446348218
2064312644
-62946737
-1250193829
-250763926
504009546
1473712418
-1016841505
1027074871
-1765661769
-1683512594
-455990777
-2008319962
-665610235
1603454433
1432390498
2073485346
929721776
-455877804
700987058
1859658639
-269329691
-1934723978
512239038
-220260723
1068785273
-1768729301
812691302
-1504151427
-1650435300
-136822479
-312201225
464814019
-1892109875
-499320956
-1392383296
-855384627
989368208
-1120272380
1327821029
-556630188
518316639
-2034487468
845816178
-440955678
-2130499235
2092565764
-1668442445
-406425709
-210725807
-1203877903
715199682
1401216543
42411601
-967473941
1159875936
-842648041
807784381
-234728551
1292963080
923575662
1191949167
-1506376295
-527260351
-1810569158
-746190032
1041081323
1622222900
339320508
-558669971
-1771610482
-744863363
-5800035
-1902770647
1959187051
1890252869
657189498
-497345227
910543218
47318672
-2080661854
-1227197537
1958304002
-609914413
392665630
-1767434648
1243054734
590029001
357721329
-1974504328
1493416573
-821089658
-929543008
1407667670
-1352500912
-1257309493
46224372
-605756909
1127365385
-788404324
-528753923
1744704007
619352267
-1671623664
382419802
-968267585
1669867709
-191267737
969282744
1655848885
-8982476
-1799280799
-1586272872
839807553
-1996901359
903346381
-468743084
538399824
650175334
1998328159
-1157866397
-747708333
-1470605217
1131489222
-2128514085
-269135751
3033951
1643669246
46488887
-1019046113
2020856937
-1374200350
-936343206
1817864839
1060740801
1548080132
1509385683
-35072056
1999745746
237213633
-1210510494
-322924283
-307660206
-153839217
-1644920645
-499946783
1776116387
833808536
-2014450295
108051761
1610203516
-968137588
851122613
1100782323
-1322065976
-829212493
-1133730585
906892671
882396878
1284600897
1102013004
-1303249156
-1746539631
-2070326291
-752311142
-1586307051
-287886215
233246915
-310589872
-1696721685
413652274
909789241
-436243902
-599177908
951487699
455496065
1610707028
-562385883
1995297347
-561900515
1135082117
-1123425739
1491589848
1340486583
-2089427409
676732931
1811539776
348235058
1903095180
-1689638127
-189990236
-528875268
1816298876
-1823120814
-1746378743
1603151525
1081224068
-1014719016
-948657670
-1727593035
-181041126
-753084975
1556338788
1374396345
-1590869729
-2017147724
-1806274368
1546295199
-737511252
308934838
1205982326
784130627
-1469516784
400623747
936415616
82472009
2021011225
1913118506
-1274418866
2010302764
-924852334
925651800
1785260521
-857129065
1546169613
1927839176
1562998107
1597294323
-1658183454
-121011463
1997790029
-1122383295
108466807
-1658010590
882239728
-1971534807
-1111354431
-418731165
-494759136
2087323729
-358637047
1696958268
-484467001
-111129102
120856307
1569073474
-1027937409
86036393
1943655867
-1500038129
209142907
700519562
1691062466
1758168186
1352326054
1726461563
111444809
231375367
-1784163572
-992036418
-1404138629
836903585
254376057
-1061467697
2063863984
1832091014
-425257121
981725039
1469776367
-688141950
-1093171972
188453888
-1750943563
1304035935
1564396220
-1337399789
-248069132
-1778060901
890344155
555152191
1644486494
-18051493
-305120434
-1807414476
-651912478
1492969631
449164003
-1333182449
-1404864906
195564471
1018463398
-204859410
-1617922537
121619446
-2034322041
1713980359
620655117
1056871332
1362843705
1879207797
-1826314381
2049712952
1660353372
-1367441645
1383681270
1416005830
1636455901
1267518861
1226452957
-1764834634
-1908091491
-518438797
1309908296
92086710
484373584
-1787869936
-715777092
-646062607
-1241352537
-2061038917
-913327906
1726303104
1207237041
-419721620
556134270
-1819385311
-174886274
-1531098222
-472290857
1829604390
1972601861
-2088851934
1332552724
915206319
1676267335
-782999053
-1757498602
15117595
595763635
-371868856
1700115316
1269084603
-647191092
-1859324754
390898883
1138046408
-1972667895
289566216
2127934742
555611799
1658999291
1788451048
1220690120
-2123909622
-43711051
-1676124641
-1365505416
-887182263
138425191
-1486436201
-1706332332
-727981902
-869312692
1142819167
1228282778
-803824115
-931004986
937109767
-386530468
-1245940220
962556870
-1514472915
-1014979709
-1132361775
-303392399
-771088041
-946680043
2099379768
1006484224
1481459203
2092272826
-454494024
676369383
-2022522627
1953810555
1717588989
1918427193
-213885969
-995566131
-800062056
760750154
-1876625858
88096206
-961872143
-502304107
952050451
788968909
544394107
-121853984
-135850825
-725870064
-126198230
-544082531
538667299
-861644592
1350812194
688646803
789949399
181877128
-172252496
-1113617987
-482041622
875973742
1313922685
1601482610
1043836258
726912577
-1189766656
-1283513147
-2081951547
1543341125
-990214860
-74775250
-2139036689
-204811125
1175210123
-1091085719
1980993830
641572470
-341422815
103027358
1455208811
1979291513
-1492298700
625390785
1064794898
713961509
-841510444
-1599375557
962284949
1200309602
1202667222
-1667326775
-476223836
-1235672580
1314379278
-661374044
-308618113
-724528031
-793939780
367186658
-424535672
924327080
-1730611642
1355239963
1728541971
1612150485
309007143
-1800439985
-1984297600
1092814171
1371220775
-852383993
197853068
-74129439
-1710834996
-2115525959
-1538574621
773950025
-1767842800
1322500464
-1484286983
-669870099
1145627219
1800310444
690393881
-562970837
-843431534
418706310
1437999293
-1764548317
-2131282727
820858392
-196450528
-2129278529
1425201142
-1436804325
298017041
-379737101
5679215
927405520
-94878198
1710923333
1567269301
1873801764
1751458689
-1373365361
870738072
1402869006
1382561661
-961950717
-1562035715
-1235161285
-85860245
-449504656
1654493391
-842342931
-593283535
565729731
974698291
834582048
574922883
1282162383
271955711
23617006
2034171510
1032106576
1678138732
907745332
95892306
785530669
508315145
-564763020
-592106325
655728893
801579250
-1474517764
-461589070
-148949301
1566877762
-959134392
256879560
-1976803811
-1217005371
-2136814940
692480084
1636891187
991248882
263777557
-1889242155
-1881429108
-266206953
-1344436615
433903162
-1115194451
-639026219
-1249890835
-556099471
154534180
1475505615
477799790
-1688777923
-1952890933
650190238
-1354727998
-36526260
199543113
1223052551
1980404888
-1873044856
-384704034
1857828976
-1497771794
-175352148
1320856926
1507465614
-1812020814
-870304485
-1509119875
-1879776925
-1022754132
535004140
-2070744498
45948263
618892186
1915392073
-1751307771
513375237
-1580905060
1224638969
-1408244476
-1407146936
-2085109038
-536617926
-1279786732
-1087613738
-1871358909
570931156
-888514830
1837825564
-1551648256
-346158486
-926052082
-2047587382
-1765754488
-1123250414
-725341554
20468098
596764270
1415783464
793303704
1659391691
-407025351
-212094369
-1976569903
-550289845
-924118902
-920063720
-1486594016
-2137021387
-550588284
-1459840010
-69234506
82792447
-872934297
-1132270159
-1308157358
68224344
-978073986
-652577749
-177467967
-1446035367
-1553255877
-1616080448
396065956
-903182086
891577503
947666913
40389237
71371207
936570591
-1014634781
-65893941
-1752408622
480366404
73686804
-315561507
1314507243
-1250393006
1130131215
-746260412
-1376758514
303803948
1165056849
-1876215036
1813738524
-2073304522
-528852213
-953915700
-502776626
-716466948
1733953081
-1840958083
-254913562
1222590034
-1560932109
-1636917016
467471014
-1503061061
-2019629054
801670620
-1005035642
808727822
1769734837
215282527
-1560750560
1494779734
1183514101
-2133677510
1388075631
962361850
1326240919
1481216186
-1226464456
-631897571
924698865
-956031307
170575815
-1720707001
-219556945
-1452997173
-1144324898
912221252
1136176103
741906925
-649155350
-677690548
1009368170
-99238365
-1305190536
165579875
2125044316
73030025
-1807735834
-1111116030
665833734
-2079614822
-934644899
-1344911369
-554887446
346193584
1673969150
-980047735
-1937817577
-1001288757
-1844897957
1813236703
1522631102
-1697088880
-589973976
1001408161
-2019239162
-1513661803
-583255247
1210498271
-1427785956
-815625509
-143920241
-312882638
1848712333
678254747
625838614
1461831712
-1029898793
1698252357
-545137647
-690547004
-1191411908
-407617851
1647109424
-1700410450
-1311619623
454048007
-2047936831
-214766841
1529881591
910364605
1289596446
-772174087
938784417
-918187681
-361669018
4759885
1506592886
568659059
997384559
305138517
-949514816
2020269070
1396769787
-1003061237
1202326980
-1768834918
1703149865
614417530
446647643
-193408808
165200173
597269084
2124943041
62975784
-1184575677
1328132356
-985253204
16789256
-1075889440
573915262
-1945287008
1534920410
1772738602
1478243059
1560423553
-890656279
1918473130
-1175977902
1263191913
-18544979
29609280
1302503469
-290084420
1956046158
2089938518
1309685216
-1751072648
806414950
532393816
-686499080
1985370065
-1586068981
-1889812381
1673669585
1381848316
-309725429
-396768964
-1667335552
-122504885
-1235404167
1822422147
829541363
-1196440967
-1345773720
-364807641
-1610415273
-1346290617
473304822
-1705321188
-1963860039
-1454778553
1567455372
1808519244
931180527
1934792950
853246563
-1149897014
-1461002056
-2025211632
-283328951
246084429
-1173108446
692158496
-903092572
-534283557
1294686508
-584713386
-1472206921
1268801220
-761491797
-1854301796
-408241885
-356400687
-814492559
-1080687126
2114833329
-2016416579
-576082005
862966489
1463881550
421295588
-1331667062
900778870
1117115734
1819914298
-1410772188
-1947861671
99554069
-570321538
1817287069
-1732521995
1841088649
-1188782162
-2122141567
-619463376
1837141869
2034779581
1668764788
-211517643
-362965390
-8122493
819607565
479119241
1754696911
679965940
-463551235
-446835876
570442236
-1750991724
-1115534473
-1014206175
-1634206279
1569344810
-2027535412
1973177184
-1646734251
-1575475533
173704788
-816411446
1465613100
586184345
1337499028
-1968557682
-134192784
492960548
-1272998243
-1391617558
-291761876
-1163646416
1219621810
1976447492
-2078663546
-359575776
1609409837
621953785
1334516548
-1928326126
-1798296414
452870454
181828752
485485140
1937198660
1135619079
-653184769
-1287715307
1188099207
-992423315
805728463
391635295
1660103175
-974909133
-879746448
-1051755964
-1444983385
-1591845309
-1624201915
-917716905
2130830589
341259573
-382204757
-102439586
116568301
929380648
-421865671
-719354555
1930356883
1072308181
1111576137
-1098852012
1572978278
-385762848
-17221193
-2019071324
1928172441
-999773071
1050543080
-470943793
-97878588
-1369657341
-751441394
1364820454
1823802051
255944827
-688655191
-1926843225
1228025566
-751687044
