2147480673
2146838822
2146146290
2146050928
2145767643
2144658508
2143903598
2143633233
2143345964
2142161792
2142058584
2140903765
2140704709
2140498693
2139989762
2139809328
2138522724
2138128761
2137766399
2137254592
2136798383
2136745455
2135808689
2134505599
2134469867
2134068820
2134055502
2133892710
2133857822
2132826178
2132676618
2131539811
2131233821
2131105540
2130862009
2130830589
2129750811
2129366694
2128586431
2127934742
2127915109
2127378965
2127303560
2127182715
2126355588
2125519959
2125288582
2125276800
2125225528
2125044316
2124943041
2124193683
2123604871
2123483403
2123347170
2123167068
2122948069
2122126563
2121165882
2121119152
2120939441
2119958590
2119370132
2119338685
2119292468
2118928658
2117883995
2117338305
2114838335
2114833329
2114232680
2113166060
2111362989
2111077057
2110505700
2110281792
2110262745
2110091132
2109900979
2109616607
2109172125
2109090200
2109073176
2108364708
2107481620
2107276617
2106166253
2105753312
2105543436
2105486741
2105027870
2104952402
2104307014
2104066478
2103861240
2102877113
2102222026
2100732639
2100403776
2099692025
2099379768
2098170466
2097696379
2097298289
2097292493
2096209596
2096115707
2094667346
2094210208
2093800710
2092836198
2092767012
2092565764
2092318317
2092272826
2092123328
2091909996
2091883537
2091866855
2091263501
2090708905
2089938518
2089636496
2089570511
2087877318
2087323729
2086794140
2086536120
2085221232
2084179737
2083583538
2082907720
2082688952
2079870446
2078898966
2078817718
2078387438
2077746889
2077559593
2077136822
2075532613
2073600735
2073485346
2073257328
2073226478
2073044261
2071180031
2070593695
2070287129
2070129675
2070037893
2069624783
2069503830
2067427777
2066571022
2066527941
2065738028
2065596420
2065253349
2064718799
2064312644
2063863984
2063828887
2063114923
2061592696
2061496028
2061447094
2060277194
2060139396
2060022685
2059919977
2059405145
2059271117
2058963131
2058525617
2058294991
2057761412
2057137055
2056423851
2056135418
2055856270
2055744906
2055707940
2054577366
2052929877
2052532407
2052079898
2051715862
2051655446
2051359162
2050566613
2050516405
2050501304
2050396557
2049712952
2049596339
2049578935
2048007883
2047114170
2046609715
2045948786
2045357298
2045335821
2044458583
2044047037
2043459220
2042932696
2041691398
2041007838
2040339257
2039921392
2039071288
2038363285
2037654289
2035932743
2035358507
2034949724
2034779581
2034220779
2034171510
2034061543
2032899100
2032755475
2032139646
2032056267
2031811453
2031800142
2030219363
2029666282
2029511939
2028937132
2028778770
2028530085
2026088134
2025576586
2025370293
2025031049
2022406695
2021745226
2021458297
2021011225
2020996882
2020856937
2020330803
2020269070
2020262412
2020152571
2020074130
2019490295
2019409088
2019379285
2019322272
2019041248
2018438115
2016850953
2015640648
2015427792
2015151830
2014415960
2013676082
2013630578
2011963417
2011915855
2011356294
2011168902
2010420801
2010302764
2010021785
2008732832
2008694406
2008140472
2007120895
2006859018
2006390656
2006122162
2005074656
2004332029
2004207053
2003777896
2003608838
2003105771
2000858928
2000052830
1999745746
1999266664
1999168550
1999012605
1998328159
1997790029
1996950823
1996163929
1995855151
1995297347
1995047534
1994835571
1994711948
1994467171
1993786729
1993066126
1992403952
1991681984
1990974273
1990690593
1990564505
1990273548
1990053402
1988673263
1988197430
1987826529
1987299560
1987273746
1986931674
1986550428
1985565378
1985425713
1985370065
1984727659
1984676181
1984161523
1982861071
1980993830
1980404888
1980299390
1980291833
1979327022
1979291513
1978453865
1978202369
1977983234
1976447492
1976083956
1974514063
1974027869
1973215782
1973177184
1973016673
1972868704
1972734497
1972601861
1972066412
1971734653
1971688750
1971159389
1970842933
1969863421
1969527391
1968729053
1968371467
1965509568
1965432096
1965199012
1965126467
1964536669
1964520545
1963873979
1963582906
1962336275
1960850067
1960630771
1960506561
1959570213
1959187051
1958868021
1958304002
1957617459
1956904154
1956638926
1956046158
1955247061
1954977668
1954340965
1954026828
1953881809
1953810555
1953139005
1952986769
1952497759
1951759764
1951007007
1950967344
1950196439
1949749842
1949688646
1949321077
1949246226
1949118898
1948674805
1947646430
1947118253
1946716865
1946644111
1945814985
1945174905
1944905151
1944899890
1943943500
1943896532
1943890830
1943655867
1942808696
1942709757
1942596598
1942568738
1942568209
1942312488
1942183105
1942157183
1942092545
1941778064
1941704244
1941146028
1940524702
1939977483
1939839726
1939519484
1939256680
1939246992
1938798966
1938635332
1937813310
1937601859
1937198660
1936818885
1936533246
1935857579
1934792950
1934246319
1934231300
1933976075
1933664958
1931352361
1930356883
1930186916
1929604806
1928172441
1927839176
1926700486
1926485533
1924897098
1924513681
1923148797
1922693993
1922071079
1921781125
1918473130
1918427193
1915392073
1915223261
1914686976
1914631865
1913118506
1912105734
1911135959
1910227473
1909669931
1909202851
1908562042
1907381632
1906988758
1906803275
1905646401
1905364809
1905210353
1904047495
1904024540
1903940693
1903095180
1902505946
1902355817
1902265349
1901372488
1900450375
1899493758
1898914159
1898344270
1898243110
1896375746
1896076298
1895929775
1894984611
1894393057
1893515846
1893391461
1892808420
1892586004
1892055672
1891060129
1890727940
1890485897
1890371599
1890261773
1890252869
1888796438
1888334537
1888118237
1887129539
1886873809
1885315540
1885051601
1884146067
1884142124
1883903822
1882889161
1882865318
1882815640
1882791047
1881812146
1881772048
1881049645
1880452048
1879404824
1879296390
1879249870
1879207797
1878821652
1878014609
1877790605
1877256205
1877214648
1875908765
1875760527
1875214927
1874073781
1873936165
1873896965
1873801764
1873461815
1873152273
1872600685
1871527051
1871419769
1871229686
1870687559
1870092770
1868766500
1868744063
1868646702
1868330932
1868075753
1867020576
1866637767
1866053219
1865640228
1865087480
1864934927
1862869998
1862323888
1861325246
1861204138
1859658639
1859420437
1858659286
1857828976
1857588004
1857457817
1857143576
1857037107
1856687300
1855687349
1854568365
1854046448
1853717088
1853674713
1852901711
1852511958
1852079072
1852011925
1851560874
1851553095
1851427634
1850589448
1850285483
1848712333
1847315551
1847159997
1847082574
1846915001
1845855361
1845804305
1845511086
1845428184
1843638187
1842697954
1842163037
1841919625
1841634300
1841583081
1841463983
1841088649
1840524869
1839646196
1838534518
1838188730
1838172334
1837825564
1837331521
1837141869
1837026724
1836882012
1836293236
1834395613
1833979225
1833309951
1832880392
1832737723
1832522925
1832091014
1832008829
1831206394
1830865257
1830372288
1830093741
1829604390
1829185106
1828799502
1828364121
1827601550
1827600239
1825317434
1824385557
1824309950
1824273200
1823802051
1823758682
1822422147
1821715933
1821478225
1821364603
1820750115
1820737550
1820449643
1820094516
1819914298
1819800416
1819772578
1819738016
1819263930
1818788207
1818165784
1817974599
1817864839
1817287069
1816298876
1815049123
1814513869
1814320163
1813738524
1813717131
1813236703
1812880323
1812281152
1812061920
1811899488
1811702801
1811539776
1811486778
1810218458
1810026798
1809819772
1808519244
1808385896
1807128922
1805723172
1805239609
1803902770
1803408430
1802334791
1801935947
1801555470
1800310444
1799024442
1798628480
1798153803
1797903458
1797709372
1797673790
1797137496
1796865002
1796322957
1796133627
1796101073
1795954698
1795902759
1795050376
1794609178
1794513587
1793790735
1793604343
1793015299
1792146082
1792116105
1791474183
1791135121
1790935629
1789704167
1788768418
1788582034
1788451048
1788063515
1786614739
1786348506
1786251211
1786219880
1785468282
1785260521
1784424146
1784417165
1783972751
1783410147
1782979474
1782947730
1782676973
1782330165
1782305251
1781958303
1780926934
1780683974
1779925178
1779705985
1779668839
1779505003
1779345267
1777514848
1776880904
1776360208
1776339615
1776116387
1775433213
1775236507
1775184366
1774728458
1774564325
1774378513
1774106539
1772738602
1772690270
1772181500
1770576082
1769908726
1769734837
1769142015
1768630130
1768209024
1767912900
1766755386
1766707120
1766509729
1765898625
1765219603
1764105705
1764052527
1762946952
1762482265
1762223020
1762090914
1760751788
1760500349
1760219569
1759075330
1758826869
1758819050
1758168186
1758024639
1757949882
1757895200
1756782073
1756457220
1756156181
1754696911
1754218643
1752717706
1751472467
1751458689
1751172048
1751131156
1751117771
1750944589
1750211232
1749504108
1749101778
1748006002
1746925703
1746862146
1746294834
1746258575
1745787584
1745708082
1744757029
1744704007
1744431772
1744121704
1743806453
1742859380
1741538277
1741133180
1740955341
1740377465
1738548629
1737259525
1736354695
1736216749
1735196819
1734475372
1734425686
1734136576
1734029333
1733953081
1733136238
1732111855
1731700013
1731513364
1730841884
1730830133
1730352039
1730303250
1729925969
1729205204
1729178326
1729143469
1729011108
1728783705
1728628718
1728541971
1727955188
1727303438
1727202773
1726674495
1726525893
1726461563
1726303104
1724364697
1723951962
1722411661
1722172794
1722146791
1720957985
1720299237
1719851264
1718249760
1717677991
1717588989
1717554612
1716693002
1716529445
1715650174
1715361861
1714912701
1714634852
1714162928
1713980359
1713146275
1712709033
1712182949
1711315575
1710999352
1710923333
1710522233
1710281808
1710131273
1709820793
1709380490
1709311933
1709277614
1708405427
1707336985
1707309939
1706434336
1706069948
1705947838
1705749831
1705700027
1705019979
1703473702
1703169563
1703149865
1702868262
1702733646
1701536988
1701221860
1700115316
1700014274
1699737637
1698285494
1698252357
1697338736
1697016944
1696958268
1696542670
1696043722
1695465941
1694894478
1694839775
1694687559
1693139520
1692821636
1691188908
1691158014
1691062466
1690821221
1690324597
1690043867
1687478002
1686816681
1686587837
1685251886
1685221759
1684766288
1684743323
1684022826
1683568390
1683532501
1682154652
1682067303
1681959797
1681772891
1681677409
1681652745
1680956587
1678292938
1678138732
1677675762
1677234342
1676769933
1676703897
1676267335
1675924518
1674634834
1674306392
1673969150
1673756871
1673669585
1673530866
1672895995
1672372250
1671805764
1670798186
1669867709
1669696982
1668764788
1668163805
1668049240
1667693103
1667616942
1666999164
1666722968
1666307673
1664930280
1664470372
1663832355
1663669457
1663450792
1662560975
1662553489
1662493632
1661754411
1660750804
1660630348
1660611823
1660463290
1660415424
1660353372
1660103175
1659766870
1659391691
1658999291
1658986777
1658821147
1658795196
1658670561
1658653260
1658307907
1658084277
1657176291
1656304460
1655848885
1654497679
1654493391
1654217581
1653526616
1653046683
1652615323
1651752597
1651689185
1651046912
1649733486
1649506868
1648241047
1647993055
1647506767
1647423965
1647168788
1647109424
1647078822
1646750800
1646253883
1645625533
1645596443
1645208081
1644486494
1643669246
1643018747
1641631137
1641320419
1641201016
1641152276
1640974798
1640601825
1639279835
1638103015
1637912869
1637775398
1637773452
1637194285
1636891187
1636455901
1635214409
1634215349
1634138068
1632274413
1631453327
1628266697
1628233987
1626554150
1626471830
1626431708
1625501271
1625235318
1625121537
1623871140
1623768990
1623174501
1622843748
1622516712
1622222900
1620723026
1620175231
1619714804
1619673591
1619481870
1618740163
1618035792
1617387080
1616951643
1616564966
1616454728
1615386720
1615299816
1615085580
1614149479
1613996175
1613412239
1613294602
1612893110
1612651113
1612150485
1612146965
1611337907
1611235314
1610752991
1610707028
1610203516
1609575379
1609409837
1608718154
1608648827
1608012340
1607328018
1607284152
1607217443
1606684097
1606595989
1606475456
1606438908
1606270774
1605007186
1604556804
1603635960
1603454433
1603151525
1602848189
1602583925
1602279574
1601868219
1601482610
1601196211
1601181857
1601116619
1600419987
1599569455
1599162798
1598490562
1597294323
1596750695
1596325416
1595967229
1595543339
1595337669
1594535684
1594340567
1593577833
1593460426
1593382490
1592221158
1591861860
1591391930
1591295216
1589911676
1588409966
1587966335
1587702427
1587470305
1587277112
1586897565
1586606900
1586254505
1585591796
1584016225
1583183126
1583116504
1582085259
1581731939
1581565370
1581357043
1580641061
1580099527
1579340601
1577047858
1576717915
1576370732
1576351512
1575883745
1575793311
1575370901
1574679469
1574518524
1574077532
1573987300
1573584392
1573199809
1572978278
1572078857
1571756427
1571093841
1570788818
1570630463
1570546715
1569532608
1569344810
1569205410
1569073474
1568567872
1568165354
1567475894
1567455372
1567269301
1566877762
1566755591
1565844245
1564861028
1564528191
1564396220
1562998107
1562142209
1562020864
1561915488
1561818458
1561119029
1560847956
1560763931
1560683971
1560576180
1560423553
1559356992
1558709084
1558400221
1557947191
1557848608
1556894953
1556338788
1556125330
1555991581
1555480413
1555418920
1555012252
1554204260
1553485881
1552782332
1552663832
1551926869
1551749598
1551067676
1550224243
1548512649
1548080132
1547423247
1546717712
1546295199
1546169613
1546126949
1545899246
1544371131
1543341125
1543162770
1542389346
1542194788
1541362894
1540775572
1540774607
1540291476
1540189206
1539785273
1538270402
1536765832
1536433222
1535866849
1535168236
1535150539
1534920410
1534505814
1533924622
1533506311
1532578905
1532117108
1532027734
1531938120
1531049953
1529881591
1529724210
1527941254
1527328746
1526987143
1526697868
1525561984
1525437133
1525365778
1525209838
1524881694
1524220919
1523950895
1523430026
1522631102
1522336533
1522091054
1521894144
1521039608
1520962820
1520382428
1520047690
1518880990
1518541180
1518478371
1517885311
1517808972
1517511098
1517217108
1517055169
1516959238
1516857762
1512002784
1511463040
1511407114
1511136381
1509949804
1509385683
1508460737
1508172735
1508166178
1507989362
1507465614
1507392521
1506592886
1506331765
1506283146
1506075787
1505961844
1505487728
1505135908
1505081444
1504785778
1504610909
1504405618
1504340239
1503405990
1503280737
1501997340
1501928776
1500878720
1500769195
1499643648
1498907869
1498545102
1498313085
1498213658
1497533637
1497422291
1497221521
1496714026
1496542070
1495925972
1495893062
1495768676
1494779734
1494175815
1493416573
1492969631
1492773268
1492446093
1492390183
1492082486
1491589848
1490449049
1490425682
1489139522
1488282223
1488224262
1486992386
1486833282
1484608149
1483627577
1483535376
1483514841
1482940130
1482665160
1481459203
1481365897
1481249028
1481216186
1481163576
1481139529
1480573665
1479479081
1479102224
1478913059
1478338634
1478243059
1477302143
1476465045
1475902694
1475505615
1475125871
1475001675
1474364403
1473712418
1473705299
1473620403
1473504600
1472618072
1471704108
1469776367
1469422913
1467826049
1467557945
1467131757
1466720362
1466522663
1466172056
1466004290
1465613100
1465276821
1465042760
1464571249
1464425522
1463881550
1463604851
1462799959
1462509562
1461831712
1461421608
1460985847
1459586881
1459201919
1459200774
1458975613
1458927007
1458905159
1457920388
1457549847
1457326204
1455868480
1455208811
1455169366
1454781012
1454288893
1453764299
1453108402
1453081064
1452953472
1452675182
1452470741
1451928012
1451671119
1451453087
1451232649
1451193577
1451049994
1450800394
1450556789
1450302672
1449972738
1449223477
1448945196
1448816978
1448562011
1448189719
1447974729
1446969047
1446943640
1445623724
1445424833
1443660166
1443036994
1442971260
1442956370
1442850065
1442610175
1442388193
1441475811
1438918174
1438573995
1438436322
1437999293
1437843729
1437391913
1436873741
1436129409
1435566063
1434874347
1434247485
1434117162
1433763880
1433692199
1433484771
1433122895
1433089401
1433053841
1432988793
1432390498
1432386804
1431615049
1430874210
1430823964
1430738856
1430622414
1430202298
1430016333
1429596053
1429012941
1428886201
1425825026
1425310622
1425252151
1425201142
1425105109
1424595453
1424439259
1424009426
1423816027
1422105055
1421832106
1420806470
1420637119
1419787967
1419153773
1417692380
1417400802
1416812854
1416801461
1416005830
1415783464
1415681200
1414802567
1414031299
1413717745
1413446023
1413396726
1413360933
1411692229
1411221474
1410748099
1410574574
1408018481
1407667670
1407556387
1407291071
1407275343
1406718144
1406131796
1405713282
1403484071
1403111180
1403072855
1402869006
1402510824
1402004945
1401648033
1401216543
1401147017
1401014733
1400674041
1400463656
1400287247
1399819698
1399580336
1399510806
1399158384
1398739299
1398690079
1398648010
1397916801
1396769787
1396056035
1395322719
1395063861
1393104253
1392984289
1392709422
1391695356
1390505971
1389460300
1389317726
1388925165
1388075631
1387032964
1386083527
1385894021
1383700656
1383681270
1383503663
1383063106
1382962202
1382881930
1382759906
1382561661
1382243142
1382214930
1381848316
1381542543
1381412970
1381161986
1381046281
1381045100
1380618466
1379889718
1379583722
1379563906
1379522038
1379409773
1378784346
1378749734
1378332530
1378256982
1377817817
1377390526
1375032872
1374983948
1374396345
1374110217
1373588122
1373129391
1372916938
1371220775
1370470559
1370356046
1369900917
1369836680
1368463079
1368169423
1367718226
1365943162
1365394251
1365032593
1364820454
1364776525
1364168934
1363405733
1362843705
1362306831
1361983533
1361873145
1361434240
1361389940
1361252434
1360088300
1359943889
1359403127
1358844124
1357850090
1357618371
1356819913
1356790851
1356224097
1355239963
1355222480
1354873958
1354810517
1353774988
1352957208
1352326054
1351684414
1351150879
1350917325
1350812194
1350562009
1349521301
1349274111
1347716485
1346638084
1346220780
1345537589
1342565153
1341925116
1341304739
1341216208
1340759415
1340486583
1340337817
1339927028
1339516226
1339258843
1338053938
1337499028
1336538218
1336524944
1335856344
1335514919
1334530432
1334516548
1333419264
1332621383
1332552724
1331824066
1330587849
1329953712
1329880043
1329546756
1328865242
1328377650
1328132356
1327974075
1327821029
1327668220
1326812350
1326755101
1326240919
1326174464
1326124121
1325605219
1324664297
1324549190
1324486420
1324291930
1324118212
1323656203
1323077906
1323023514
1322500464
1321690405
1320930256
1320856926
1319571467
1319371818
1319070262
1318561086
1318438010
1318316358
1318129806
1318092204
1317833697
1316799344
1316719429
1314507243
1314411199
1314379278
1314254780
1313922685
1313692468
1313294638
1312102014
1311646164
1311234588
1310290024
1310172584
1310094674
1309908296
1309902780
1309685216
1309139362
1307979987
1306709057
1305916295
1304843111
1304351969
1304340789
1304309797
1304035935
1303635979
1302554822
1302503469
1301863662
1301297776
1301191960
1301148472
1299893570
1299676626
1299410923
1299241052
1298633298
1298033823
1297823177
1296259447
1295629337
1295568809
1294686508
1294045314
1293784792
1292963080
1292901142
1292078065
1291874473
1291750979
1291423898
1291144044
1290783340
1290727048
1289596446
1289530117
1289330688
1289186272
1288062842
1287803674
1285136438
1284600897
1284386964
1284085879
1282162383
1281127206
1280854624
1279865686
1279478824
1279364901
1279200254
1278047134
1277442820
1276873633
1276475285
1275734572
1275166841
1275073805
1275036673
1274291552
1274194025
1274058279
1273975284
1272261175
1272060283
1272043782
1271811169
1271348856
1269956869
1269867067
1269480510
1269084603
1269048973
1268801220
1268286353
1268274751
1267518861
1266528062
1265933989
1264410500
1264268835
1263843353
1263191913
1262598844
1262173447
1262139837
1260960598
1260856570
1260334194
1260076664
1259258205
1258397535
1257866215
1257117858
1256698006
1256569203
1255990137
1255772922
1253955293
1253333505
1253306995
1252868270
1252293787
1250857919
1250646645
1249783188
1249700871
1249267761
1248753450
1248607838
1246771150
1246513001
1245892928
1244901832
1244846516
1244641528
1244107357
1243816857
1243622958
1243506553
1243054734
1242941720
1242797380
1242514915
1242309474
1241105748
1239883156
1239402384
1239286983
1238880984
1237716091
1237641137
1236690932
1236041275
1233956303
1233447497
1232825575
1232754554
1231864859
1230073361
1228575077
1228282778
1228125122
1228025566
1227022337
1226676032
1226452957
1226166538
1225477229
1225067930
1225014148
1224638969
1223585688
1223052551
1222994474
1222878857
1222590034
1221650626
1221355907
1220690120
1220208653
1220153780
1219994867
1219796324
1219621810
1219528548
1219335016
1219226090
1218919588
1218835516
1218799626
1218276326
1218212939
1216030563
1215536155
1214820870
1214424498
1213813657
1213605199
1213364880
1213322898
1212584692
1212018714
1211330311
1210613499
1210498271
1207840264
1207237041
1206987436
1206758141
1206669691
1205982326
1205660210
1205657131
1205527732
1203476595
1202667222
1202638802
1202326980
1202296706
1201332595
1201301286
1200309602
1199013985
1198565908
1197562842
1195913521
1195010434
1192059043
1191949167
1191579961
1190403906
1190341454
1188099207
1188035679
1187862929
1187495201
1187389787
1185936772
1185292570
1185123917
1184269303
1183882456
1183514101
1183372014
1182802767
1181815236
1179503335
1179495281
1178686004
1178174290
1177896757
1177632404
1177324036
1177272575
1175672127
1175609128
1175210123
1173625412
1173453838
1170820334
1169379789
1168340285
1168059993
1167493241
1167491210
1167108655
1167061187
1166644063
1165921992
1165762318
1165710466
1165588428
1165056849
1164364253
1164187688
1163741657
1163113922
1162338452
1159875936
1159568835
1159480555
1159392280
1159235892
1158656225
1158088233
1157735808
1156932026
1156859098
1156175447
1155752695
1155408230
1154223504
1153074514
1153017066
1152978507
1152407798
1152362609
1151997789
1151963662
1151946393
1151509241
1150463111
1149682748
1148948357
1148668359
1147860223
1147637949
1146049342
1145866904
1145627219
1145210067
1145050991
1145034295
1145020656
1144213995
1143686695
1143523797
1142819167
1142694337
1142692200
1142107618
1141838387
1140289992
1140207460
1139821794
1139691290
1139656001
1139162204
1139107479
1138721228
1138501923
1138046408
1138006240
1136758883
1136406362
1136302227
1136176103
1135619079
1135485287
1135135427
1135082117
1134206156
1132850473
1131489222
1130703028
1130131215
1130026057
1128545728
1127365385
1126727568
1126357766
1126263745
1126107917
1125767168
1125737301
1125213171
1124786807
1124444096
1123896717
1123768655
1123689875
1122872448
1122049740
1121672237
1119846316
1119589623
1119404418
1119350686
1119264328
1118581525
1118151948
1117115734
1117033545
1116984012
1116956602
1116512878
1116464082
1116201432
1114888874
1114523132
1114182793
1114081615
1113993253
1113926709
1113785429
1113603856
1113291144
1111576137
1110066250
1109600825
1108385236
1106011867
1105523355
1103875735
1103831761
1102655431
1102479209
1102239613
1102191942
1102188033
1102013004
1101222018
1100956400
1100847469
1100782323
1100595107
1100515000
1100146750
1099514878
1099362831
1099189309
1098928469
1096893306
1096873612
1096674371
1096013006
1095194061
1095181136
1095022482
1094148871
1094027497
1092977416
1092814171
1092685540
1092179141
1091914075
1091704266
1091686970
1090415423
1089594564
1087983921
1087663552
1087229489
1087144759
1086127217
1085184360
1084752706
1084339190
1083417307
1083061646
1082535726
1082519850
1081534535
1081224068
1081013257
1080744227
1080297445
1079626090
1079363200
1077679781
1077277938
1076976347
1076024745
1075497320
1075027286
1074051039
1073518057
1073446894
1072411123
1072308181
1072080134
1070530227
1070034458
1068785273
1068524605
1068308570
1068287801
1067653532
1067191707
1065981892
1065462961
1065366738
1064794898
1063840878
1062274762
1061524491
1061257932
1060931028
1060740801
1059186230
1058987391
1058657033
1057427602
1057066841
1056871332
1056571541
1056306132
1054943651
1054940874
1054673089
1054586527
1054443465
1054393962
1053979498
1053547470
1052787942
1051823894
1050613922
1050574467
1050543080
1050352164
1050316304
1050114260
1049839183
1049321611
1049166183
1048654712
1048087059
1047161120
1046494549
1045048552
1043836258
1042935685
1041450578
1041081323
1040992057
1040725237
1038953502
1036362902
1036286989
1036169248
1035839945
1035261298
1034685438
1034556935
1034450148
1033875470
1033467311
1033181579
1032786200
1032188086
1032106576
1030845398
1030105660
1028738163
1028345663
1027291831
1027226334
1027074871
1026956811
1026868766
1026042005
1024744617
1023916098
1023052261
1022582700
1022084763
1021676276
1018463398
1017951131
1017947939
1015668942
1014508803
1011282855
1009841884
1009368170
1009367633
1009190934
1008979181
1007759550
1007629640
1007431519
1007020628
1006688239
1006484224
1005473623
1005468012
1005323615
1005105253
1004878523
1004739240
1004267959
1004145830
1003851904
1003646534
1001818727
1001660405
1001408161
1001230081
1000917007
998521224
997395612
997384559
997354641
997331887
996911812
995477404
995178810
995097129
994410155
993139448
992796220
992774152
991724966
991356675
991248882
990800182
989381899
989368208
989010847
988542432
988337683
987658884
986717328
985678606
985024414
984258618
983929005
982351055
981725039
980200697
980109082
980070125
979962157
979079395
977743734
977722455
977124394
976163960
975690373
975458364
974698291
974500635
973357803
972943788
971992428
970927721
970409511
969948644
969282744
968568824
968461861
967997457
967155587
966371446
965581832
965243896
962556870
962361850
962284949
962054207
961577217
961465667
961209446
960050937
959306151
957789080
957700091
957031291
956718343
956436038
953798262
953781632
953633361
952876291
952632773
952050451
951937714
951487699
951328155
951222545
950585476
950292327
948689594
947957582
947666913
947512400
947425571
947401627
945237427
944992666
944539773
944159622
944144434
943115774
941904905
941853428
941505782
940957609
940156643
940132968
939698221
939297347
938999732
938873371
938784417
938102397
937952172
937126318
937109767
936727091
936570591
936415616
934920548
933573805
931180527
931136653
931073288
930477739
930285035
930151197
929819971
929721776
929380648
929319184
928561580
927405520
926753422
926732948
926125652
926017201
925651800
924698865
924613121
924327080
924240958
923917479
923903470
923575662
923382174
922762056
921629949
921310899
921279484
921143225
920502832
920266487
920032792
919932008
919484194
918601072
917450239
917295365
916903492
915425381
915206319
915178947
914505466
914186871
913922216
913055693
912837013
912221252
912168955
912053748
911886383
911117167
910543218
910373881
910364605
909789241
909691389
909062768
908684094
907988536
907745332
906892671
906593410
906210370
905674185
903346381
902328349
902187490
902176114
902162971
901879915
900955890
900778870
899848676
898603587
897939303
897861684
897839988
896848204
896088866
895989704
895551692
894502624
894383818
894337990
893965515
893949654
892865969
892110158
892087164
892057306
891738687
891577503
890881724
890344155
890088582
890086616
889039573
888882861
888548723
887282558
887196923
887169932
884812114
884659476
884616677
883944086
883899023
883345278
883283116
883053864
882456130
882396878
882239728
881945898
881715416
880904181
880834010
880813555
880758997
880176431
880035794
879582968
877873760
875973742
875496645
875136354
873780157
872234438
870738072
870650948
870639612
869147626
868513926
868450755
866748889
866612149
866610064
863528577
863287761
863214742
862966489
862765776
861740273
861680159
861153980
857249425
857087069
855816901
855305712
854904706
854592720
853246563
853209198
852011961
851122613
851090908
850991586
850858839
850827847
850711569
849940739
849914368
848571215
848421997
848095019
847366776
847353668
845816178
845650127
845064983
843546506
842511138
842220778
841550586
841456316
840728047
840186890
839843328
839810168
839807553
839131415
839102325
838800056
838638732
838409733
836903585
834582048
834319476
833808536
833545410
833539032
832921698
832043626
831046891
830873442
830495600
830377680
829541363
829281505
828273715
827602603
827389657
826692373
826153281
826057271
825822103
824330972
824303883
823600738
822593873
822412831
822064330
821992706
821481242
821183724
820858392
819607565
819259520
819024785
818777831
818599938
817849326
816964654
816614434
816362853
815598669
814485439
814219304
814007167
812851859
812775808
812691302
812209906
812163146
811603620
810873864
810627758
809790157
808727822
807784381
807569790
807460175
806990697
806548283
806414950
805728463
805241583
804453027
803800781
803757799
803625068
802822446
802741463
802718816
802499851
802345356
802176655
802071029
801670620
801579250
800876769
800474804
799528476
799436405
799305166
798924684
793352588
793303704
792955838
792847728
791549091
790727212
790545205
790127827
789949399
789493538
788968909
787516034
787133676
786847906
786126787
785530669
785058049
785010806
784130627
783875545
783611524
782846905
781292589
780730420
779873559
778425735
778277676
777783391
776594801
775080034
775043841
773950025
772636290
772297665
772164146
771621051
770389459
770380665
769864492
769642815
768911904
768877693
766774935
765998298
765726494
765686632
765237221
764860330
764350585
764161600
763966384
762910601
762005357
761755049
761407792
760750154
760556382
759900370
759764129
759719435
759604489
759201349
758911033
758730702
758699763
758576931
758156503
757376795
757090972
756898634
755691299
754825421
754709063
754704215
754369913
753135925
751542638
751065378
750254403
749712751
749439857
749307912
749010227
748749079
748078112
747583583
747446152
747006064
746958199
746239430
745976770
745389529
745362165
744541046
743792388
743021869
742908524
742481973
742134162
741908246
741906925
741730447
741468667
741320711
738929104
738613436
736182452
735751237
735357524
733545334
733434847
733209383
731211494
730974900
730828454
729870403
729716658
729698330
729632838
729230964
728451224
728367197
728314268
727847809
727536056
727465586
727237228
726912577
726041533
725955424
725165427
723548417
722470026
721371352
718889834
718034570
718017662
716380727
715819063
715790294
715199682
713961509
713134776
713028521
712506412
711467284
710796855
710471700
710331349
709256696
708434695
707027791
706802126
706721187
706268248
706074376
705890444
705770011
705288110
704223019
703573067
700987058
700519562
699815288
697222050
696767728
696574483
696097094
695217271
694849822
694718088
694487566
694177809
693646681
693464783
693317878
692840381
692594650
692565188
692480084
692181072
692158496
690393881
690314394
689558854
689507799
688646803
686895740
686301798
685289642
684973870
684491765
683577608
683233085
682552245
682501814
682451181
681362835
681247291
681080465
680199417
679965940
679729947
679063229
678846484
678773066
678254747
678011962
677681717
677148991
676732931
676369383
675749874
675672214
675100253
675031864
674334068
674301540
672736772
672607338
672391338
672216422
671515688
671479051
669882035
668923759
668185475
668180454
668093602
667992966
667434077
667369638
666316767
666163666
665833734
665715299
665591004
665161812
664961602
663804217
663454737
663062917
662470392
661802823
660567937
660320788
659578261
658861311
658635762
658247989
658099035
657189498
657134268
656053246
655891339
655888508
655851729
655728893
655009097
654617368
654174671
652348567
652314018
650850350
650249923
650190238
650175334
649611013
649247141
648501939
647511049
647139654
646443188
645959189
645558565
645110885
644376857
644364456
644115793
643259911
642124334
641811816
641572470
640946874
640904805
640765396
638235349
638098129
636852701
636545460
636447977
634455078
634061185
633904575
633841409
632871259
632099804
631257923
630164769
629716290
628884095
628712480
627982462
627486164
627401411
627386073
626496378
626243286
626143065
625838614
625427053
625390785
625226610
624991661
624882694
623077148
622989017
622658712
622587813
622360335
622323496
621953785
621744766
621553212
621020533
620673230
620655117
620394927
619947809
619691335
619510328
619352267
618892186
617927940
617234204
617171100
616953519
615034756
614749901
614656482
614590952
614417530
613170414
612680246
612185945
612015161
611604775
611536647
611292471
611210326
610978384
610832515
610372891
608802984
608405282
607603453
606947937
606228473
606204096
604508353
604178836
600885166
599969373
599740022
599545790
599212256
599112421
598952137
598138991
597269084
596967798
596770724
596764270
595792881
595763635
595248756
594540294
593978324
592106813
591450200
590029001
589793551
588260948
587693183
587166395
586998438
586184345
586152003
585868996
585828394
585638220
585404691
584793538
584038933
583652482
581501598
580254725
579442187
579111913
579082292
578847795
578184056
578135958
577441480
576545705
575528526
575462716
574922883
574683249
573915262
573037399
572764112
572591441
572504126
572073086
570931156
570830175
570442236
569756360
568659059
567900006
567817858
567415610
567260193
566610652
566554691
565729731
565374538
565288433
564456250
563370400
563343369
562243685
561572216
561449866
560324347
559953744
559938564
559413653
559129280
558468767
557956163
557575279
557434527
556901157
556558770
556323546
556134270
555611799
555152191
554267199
553887027
552492276
552479883
550803045
548093226
546890780
545301530
544394107
544362354
544336672
543300711
543016662
541396790
540650396
539997278
539658902
539165772
538667299
538459450
538399824
537222552
536988188
536332937
535004140
534327129
533689851
533407106
532518567
532393816
532311965
532210416
532127356
531970470
530983819
529877006
527546264
527437595
527333827
526870245
526097491
525972747
523777557
522768326
522369322
520393701
520260025
519535108
519513644
519511600
519295765
518922410
518570707
518339062
518316639
517956493
517737020
516548166
515334894
515225586
515060024
514497636
513940804
513526404
513375237
512739574
512687076
512239038
510314627
510255461
510164021
510103390
508371050
508315145
508291079
507382446
507212028
507006355
505893860
505279198
505226428
505154562
504933329
504418025
504066691
504009546
503083502
502891610
501725868
501263233
500488223
500017455
498698408
498641055
498036515
496386247
496284660
495638918
494842909
493456157
492960548
492792427
492503328
492129135
491592922
490412000
489704571
489337952
489247401
487554364
487189499
486601413
486568703
486496363
485864807
485485140
484373584
484300110
483819345
483613333
482186887
481705612
480811015
480366404
480191761
479659027
479119241
478797028
477830467
477799790
477525428
476767835
475933123
475732639
474615232
473304822
472434563
471414421
467482841
467471014
465404350
464989456
464898144
464814019
464190109
462787514
462339064
461979106
460331738
459017071
457933213
457623999
455496065
455373404
454048007
453636743
452972504
452870454
451923144
451687487
451261646
451228344
451038530
450760136
449437003
449164003
449025502
448979373
448127945
447445867
447406474
447030491
446647643
446577455
446124405
445073592
445055806
444483539
443511602
443182751
442516197
442161598
442157350
441480102
441419181
440882720
440496741
440402572
439171151
437606334
436972724
435832734
434980259
434063376
433903162
432197564
431297243
430620930
430457027
429694934
429568867
429505441
426217972
425635828
425024427
424840813
422892398
422532284
421938454
421646050
421295588
420891039
419593044
418848576
418818103
418706310
418492118
418394373
417607153
417243237
416942118
416914019
416688634
416425292
416359755
416197753
415592817
415380330
413652274
413627496
413123388
412750962
410925500
410632657
409453000
409048394
408957444
407547957
407108849
407018644
406465347
406416791
403236763
402569114
402553341
401947955
400623747
399961694
399675294
399373933
398998644
397948242
397125029
396065956
395708970
395081300
394553464
394507324
394213493
393759502
393182211
392718310
392665630
392641642
392517329
392046024
391635295
391337722
390898883
389567707
389494511
389342460
388531746
387966201
386935064
385329583
385201734
385007137
384654662
384491535
383537223
383116009
382847149
382691953
382419802
382013100
381766188
381487677
381138061
380548759
379936342
379920995
379164531
379117447
378766723
378317569
377793099
377653717
376746320
376413619
376172034
376007281
375618751
374530170
374420590
373794462
373582948
372969792
372836665
371927384
371513470
371458659
370785528
370403328
369538170
369307412
367367406
367289087
367210955
367186658
366890269
366829415
366804275
365754228
365632901
365473730
363684468
363635348
363570284
363351490
363017809
362873351
362834700
362816616
362422251
361675147
361478812
357721329
357408460
355068736
353784866
353080134
353076260
352764108
351834667
350964815
350566637
350292986
349869493
348895647
348235058
347652745
346193584
345651887
345640998
345564594
345409400
344863572
343970584
343625496
343186807
341430991
341259573
339320508
339252747
339242534
338608793
336322977
335355586
335108991
335101459
334988067
334919024
331345806
329631663
329342783
329321529
328650721
328373557
328033041
327244560
326875375
326682778
326228415
326007875
325875058
325430831
325030879
325024500
324883518
324446462
323476464
323094820
322845105
322823970
319963223
319732280
319479373
318815290
317855068
317336307
316372181
315922736
315384907
315147384
315038173
314533445
314525783
314509035
314062570
313945564
311936867
311266126
310703588
310010794
309101571
309080104
309033164
309007143
308934838
308298263
308020684
307720374
307439730
307315259
307137246
306798621
305467359
305138517
304982581
304818755
303803948
303066322
302007421
301938308
301883620
301656542
301367597
299548100
298794709
298330926
298269744
298139397
298017041
297905791
297787986
297513661
297134461
296972708
296626769
296277762
296043145
294524087
294401985
294275000
293145318
292626890
292135861
291727004
290030036
289698573
289688104
289677465
289595861
289588893
289566216
289514094
288221859
287287393
286979093
286806760
286416262
284999278
284576684
284471638
283975382
282572544
282243850
280887547
280060476
279141328
278751709
278303038
277932103
275867454
275704995
275530645
275241733
274413766
272991013
272569444
272550085
272497888
272248826
271955711
271446472
271271911
269854321
269478105
268952615
268840142
268829737
268770628
268215018
268002508
267743444
266897454
266124096
265222251
264644762
264363748
264291697
264011572
263777557
261528836
261274551
260774778
260735173
260484849
259734144
259635756
259481669
259279312
259000261
258982116
258842798
258748883
257399329
257071530
256879560
255944827
255343369
254398656
254398197
254376057
252007449
251136170
250568229
250032532
249122498
247126701
246983238
246371690
246236403
246084429
245916120
245027728
244833054
244243062
244095464
243580461
243194157
241030041
239446614
238569024
237475185
237213633
236592507
236015326
235991895
235903788
234708417
233965196
233934201
233246915
231800358
231476355
231375367
231201793
230509692
230297749
230008324
229472229
228376753
228261986
228200778
228031963
226629594
226581600
226389921
224820877
224334471
224019983
223960949
222153432
222065402
221450551
219588224
219167937
218786874
218641206
218091518
218079083
217301632
217245718
217050452
215282527
214913716
214689701
214471981
213764418
213324473
213202816
213121057
213106691
212911530
212120475
211688905
211221035
211051098
210629080
210572179
210486190
209712149
209150499
209142907
206242066
205575359
205445250
203019494
201180035
199729715
199543113
199317175
198827227
198157356
197853068
197800447
196222465
195838144
195644700
195564471
194874557
194413198
193903803
193177271
193156367
192754320
192686579
192393373
192311395
192285130
192225264
191791811
190072188
189990808
189719933
189697288
189216875
188453888
186864514
186133961
186040771
185902753
185529939
184747542
184462699
183919931
183253751
182140036
182075880
181877128
181828752
181576103
181190255
180792227
180185767
179774918
179401380
179261437
179097630
178997357
178975999
178467659
178383731
176864025
176825439
176285671
174761766
174392195
173878508
173842434
173704788
173536905
173466156
173187729
172810768
172261960
170976950
170592360
170575815
170512445
170135811
169755331
169009430
167913641
167630787
167288923
166797363
165579875
165270319
165200173
165046442
165008447
164385072
164257026
164228920
162460567
162114567
161736064
161720180
160810182
160746557
160701742
160599387
160429171
159898672
159041708
158465905
158258391
158111316
157739853
157058358
155998522
155434382
154534180
153733574
153530789
153308659
153186366
152088590
152022011
151387108
151237287
150346690
150218110
149330800
147360557
145356611
142196312
141895717
139217542
139071927
138634757
138425191
137453576
136812622
136455587
136353146
136038797
134295182
134134957
134067962
133607234
133553835
132443217
132213439
130641075
129984865
129003821
128856064
127027965
126894203
126224634
126190721
125678805
124779328
124400431
123866427
123213710
122700632
122111617
122006159
121987832
121653482
121619446
121287886
121128105
120856307
120658449
120576276
119750963
118659526
118554913
118119636
116568301
115856556
114862721
114381057
113373258
112555105
112319213
112007846
111444809
111244087
110581754
109128131
108466807
108051761
106208711
106140902
104815602
104112467
103894005
103027358
102377563
102027280
101147778
100405042
99622589
99554069
98097708
97615610
97610128
97325037
97135547
95892306
95731721
93111723
92907299
92086710
91777353
91502643
89833283
88371804
88096206
87569313
86866125
86036393
85992613
85555408
85232137
84836611
84749324
83675648
82971682
82842098
82792447
82546890
82472009
82050881
82031609
81288284
80496936
79608612
78964874
77966734
77454653
77232184
77140383
77032291
76094926
75593874
74149403
73686804
73495470
73478078
73030025
72505167
71790297
71371207
71160362
69308113
69178957
68650380
68285906
68224344
66787129
65681530
64065377
64027124
63574960
63461193
62975784
61905427
59983943
59205544
59050438
58529571
57429643
55736816
55171474
54211736
52956815
52396494
51570717
50473245
49988574
49986298
49225801
48984654
48719547
48711625
47318672
47245553
46567791
46488887
46224372
45948263
45681957
45411636
44787026
44400111
43757880
42761302
42425432
42411601
42026957
41365029
41189514
40871639
40477559
40428343
40389237
40308598
38668006
38193115
37770566
37476520
37427303
35679620
34108420
33644521
33452164
32430347
32119775
32056769
31340399
30483113
30234396
30022191
29609280
28648230
28610524
27741507
27133348
26265179
23789793
23617006
23503826
22791987
22334191
21803733
21683615
21548038
20468098
20067302
19795623
19398710
19161364
19056240
18187052
18045244
17691724
16789256
16700324
15747892
15117595
14683429
14269816
14213009
13899046
13812092
13317351
12837315
12611847
12437644
11667930
11204898
10442027
10209935
6748762
6016659
5679215
4759885
4326121
4105433
3393176
3033951
2390408
2128793
326980
-119216
-962706
-1418956
-1822975
-2108734
-2506950
-2583187
-4072550
-4225310
-4642093
-4676699
-4926484
-5800035
-5955489
-6208238
-6457059
-6478196
-7480024
-7662857
-7881721
-8122493
-8314419
-8982476
-10199746
-12340135
-13318035
-14643393
-15916033
-16431623
-17221193
-17346580
-17592497
-18045943
-18051493
-18544979
-18564741
-18869945
-19129904
-19384852
-19662480
-20045052
-21834347
-22354932
-23283736
-23585577
-24485332
-26298531
-27990256
-28438783
-28767836
-28907250
-30551509
-30670315
-30748081
-31123832
-31293635
-32371165
-32599611
-33212162
-33686053
-34234560
-35072056
-35072512
-35791037
-36481258
-36526260
-36732693
-36888424
-37868926
-37888027
-39421360
-40059219
-40267281
-40904652
-42366618
-42466049
-43479544
-43711051
-44453167
-45444377
-45856252
-46261524
-46808900
-47596336
-48272839
-48396840
-48539064
-49092388
-49874810
-49983241
-50418318
-50740310
-51050737
-51207382
-52596747
-53199253
-53647333
-54219569
-55077340
-55657235
-56132745
-56347606
-56837898
-58202266
-58985751
-60133986
-60195405
-60643952
-61951810
-62946737
-62975388
-63015524
-65455505
-65893941
-67565500
-67708336
-68779085
-69234506
-70195297
-70466355
-71396269
-72615278
-73016890
-73141911
-73417584
-73930581
-74129439
-74312298
-74775250
-74784968
-75066023
-75562084
-76792037
-77357459
-77865293
-78380646
-78445616
-78660772
-78702243
-79468704
-80178625
-80380066
-80651058
-80722896
-81147253
-81889431
-82576758
-85294117
-85357818
-85443273
-85860245
-85898229
-86122780
-86625895
-87121728
-87900171
-88007326
-88834603
-88894311
-89214027
-89607864
-89824081
-90506077
-90569754
-92466980
-93617442
-93985261
-94818809
-94878198
-95793763
-96303046
-96615385
-96897203
-97119484
-97878588
-98316114
-98323565
-98767095
-99238365
-99467702
-101086402
-101606185
-102051818
-102183508
-102439586
-103487440
-105037637
-106803585
-107025643
-107217727
-107444506
-107680250
-107966048
-108733423
-108942729
-109194130
-109439698
-109637340
-109827091
-110188735
-110197519
-110254008
-110633460
-111129102
-111589857
-112008716
-112890286
-113074265
-114346624
-114465414
-115972987
-116859392
-116937765
-117042970
-117282703
-117653299
-118521193
-119973603
-120420671
-121011463
-121853984
-121924747
-122504885
-122991386
-123420706
-124327358
-124608593
-124723165
-125118513
-126198230
-128538742
-129000971
-129124180
-130202306
-130351349
-130467656
-130550529
-131291112
-132026410
-133193990
-134013863
-134192784
-134270904
-134317388
-134645648
-134720790
-134859669
-135303107
-135350700
-135690135
-135825481
-135850825
-136337835
-136713091
-136822479
-137145869
-137274420
-138180601
-138235696
-138294795
-138295118
-138700155
-138843619
-139868904
-140225984
-140956394
-141546506
-142531627
-143218584
-143335182
-143445312
-143920241
-144504997
-144991793
-145027118
-145604189
-145704331
-145750454
-146201986
-146240025
-147704321
-148091061
-148892012
-148949301
-149390194
-150184964
-150420030
-151339937
-152498496
-152726140
-153385134
-153837202
-153839217
-154603965
-154733795
-155237200
-156961641
-157192884
-157552209
-157916543
-157924730
-158789283
-158960426
-159640558
-159886945
-159918740
-159995627
-160916014
-162293475
-162364747
-162875049
-163207298
-163660181
-163770200
-164704219
-164892406
-165604338
-166290929
-167139934
-167345877
-167766909
-167944938
-168483078
-168914960
-169469628
-169538114
-170444818
-170487316
-172169477
-172252496
-172628424
-172811718
-174886274
-175352148
-177467967
-178215971
-178289616
-179415922
-180017372
-180820961
-181041126
-182477991
-183143120
-183702026
-185143973
-185526115
-186487628
-186498167
-188392556
-188408551
-188675091
-188985051
-189487398
-189990236
-190918257
-191267737
-191451597
-191465932
-191635839
-191843993
-192529114
-193408808
-194385403
-194706194
-195969059
-196450528
-197772115
-197815456
-199301874
-199368451
-199716405
-200667430
-200780504
-201040004
-201429516
-201936691
-202214400
-202225462
-202249820
-202785424
-202891338
-203002856
-203428242
-204087599
-204811125
-204859410
-206043293
-206107225
-206835062
-206859215
-206987991
-207355174
-208651847
-210038927
-210725807
-211423955
-211517643
-211916018
-212094369
-213885969
-213999339
-214766841
-215131374
-215351417
-217146093
-217458730
-217586238
-217633365
-218530418
-218818067
-219556945
-219719263
-219760572
-219917621
-219933933
-220056344
-220260723
-220597160
-222083294
-222418623
-222750021
-223148359
-223609867
-223688312
-223919424
-224126969
-224208520
-224462612
-225229578
-225249058
-225674272
-226826567
-227637061
-228193819
-228331598
-229156669
-229683097
-230466908
-230608471
-231686073
-231755169
-231989253
-232182916
-232346211
-232631220
-233015988
-233191900
-233307206
-233878056
-233899572
-233971578
-234728551
-236084451
-236486068
-237073700
-237099568
-237633415
-238320679
-238762449
-239849959
-240020470
-241465326
-243109320
-243923430
-244208359
-244688923
-244976164
-246324936
-246779614
-247428248
-247990826
-248052193
-248069132
-248209390
-248994726
-249522390
-250678131
-250763926
-251014554
-251784410
-252264095
-253406127
-253834580
-254091043
-254221046
-254303431
-254519768
-254913562
-254923457
-256312378
-256567101
-256707101
-257109029
-257481222
-257552871
-257672490
-259150427
-259278605
-259323330
-260161555
-261079914
-261588509
-261788493
-261838633
-262451592
-262527422
-262647681
-263013169
-264318328
-265630033
-266112709
-266151020
-266206953
-266243531
-266386553
-266391736
-266924181
-267077171
-267491315
-268753953
-269135751
-269143245
-269329691
-269380484
-270431470
-270828718
-272161885
-273274187
-273919027
-274006238
-274027636
-274050471
-274486230
-275863480
-276223780
-276401644
-276667001
-276860325
-276955463
-277021955
-277157242
-277260799
-277601303
-277975236
-278504620
-278604202
-278891838
-279485442
-279928064
-280063232
-280096719
-280199692
-280640140
-282048546
-282664615
-282725779
-283328951
-285160763
-285206585
-285949611
-287104182
-287886215
-288450775
-288565459
-290084420
-290101534
-291761876
-291995519
-292799436
-293418608
-294649653
-295116260
-295137628
-296571664
-297534603
-297761585
-299004671
-299054848
-299465252
-300165794
-300731213
-300925611
-301440182
-301583858
-302496082
-302688583
-302733690
-303299798
-303392399
-303828307
-303871604
-303936132
-305120434
-305622856
-306364787
-306603238
-307103724
-307660206
-308455115
-308618113
-308667128
-309483176
-309725429
-310026995
-310196757
-310259118
-310589872
-310684979
-312201225
-312560508
-312882638
-313578985
-314925616
-315226115
-315561507
-316171524
-316780957
-317556795
-317696875
-318289853
-319210539
-319442305
-320033532
-320036648
-320054269
-321136142
-321940407
-322924283
-323480855
-325042641
-325671599
-325703129
-327005275
-327908507
-327932415
-327986745
-327997051
-330827797
-331188684
-331894041
-331928784
-333312061
-333904215
-334107465
-334322345
-335063850
-335939531
-335996749
-336318926
-337328012
-337701522
-338089395
-338225540
-338798729
-339340361
-340097938
-340359303
-341048089
-341333978
-341367813
-341422815
-342081562
-342517383
-342538985
-343127749
-343538687
-343577740
-345141700
-345384736
-345427719
-346158486
-347387903
-347985421
-348550216
-349267448
-349285549
-349432606
-350123764
-350135147
-351195499
-351875302
-351908264
-352717019
-353364722
-353539862
-354186848
-356040549
-356400687
-356559308
-356662006
-356843962
-357099184
-358182552
-358359271
-358637047
-359460320
-359575776
-360037024
-360096253
-361669018
-362095731
-362965390
-364498108
-364807641
-365104632
-366102326
-366108449
-366233850
-366670245
-366933019
-368021781
-368116649
-368874700
-369173700
-369821050
-370095141
-370889366
-371868856
-372014542
-372134999
-373634750
-373727009
-374066082
-377025386
-377373079
-378427947
-379577099
-379737101
-379759301
-380175762
-380187871
-381815337
-382204757
-382491353
-382776353
-383307876
-383380692
-383602216
-384061638
-384185024
-384429682
-384442188
-384562147
-384704034
-385130941
-385721690
-385762848
-385875999
-386446222
-386530468
-386627663
-387948333
-388279535
-388706121
-389723016
-390551540
-391293759
-392521541
-392566741
-393499116
-393974727
-395088646
-396590154
-396768964
-396878948
-398290708
-399059745
-399643228
-400230134
-401115702
-401233604
-403953444
-404036578
-404330463
-404470920
-404493258
-404641469
-405059456
-405110022
-405168972
-406342390
-406425709
-406601556
-406607126
-406654389
-406759292
-407025351
-407510583
-407570147
-407617851
-407924264
-408241885
-408291431
-408836104
-409145391
-409776966
-410195076
-412087395
-413069446
-413711356
-414388638
-414971399
-415089114
-416568027
-418293392
-418344365
-418731165
-418804087
-419311135
-419721620
-421459184
-421491676
-421865671
-422701097
-422812793
-423055227
-423888796
-424105135
-424535672
-424784415
-425097026
-425257121
-425565691
-425646062
-425706143
-426327242
-426765168
-426944562
-428192412
-428208056
-428719210
-428762116
-429131362
-429253686
-429263254
-429696544
-430098742
-430502757
-430746944
-430942814
-431142424
-431467775
-433438226
-433468795
-433841108
-433858474
-434369995
-434764256
-435022612
-435285800
-435367491
-435702287
-435713097
-436243902
-436334333
-437371976
-437793446
-437968170
-438995192
-439003771
-439229191
-439232598
-439541660
-439566800
-440075072
-440410867
-440498977
-440955678
-441676522
-443852548
-444060332
-444816915
-445278645
-446348218
-446835876
-446852874
-447077227
-447322110
-447719836
-449070732
-449504656
-450143580
-451491077
-451620265
-452187861
-452271978
-452285529
-452627120
-453323689
-453380522
-454494024
-455438163
-455688230
-455877804
-455990777
-458627469
-459559775
-459790572
-459845051
-460780615
-460780882
-460865485
-461063289
-461413772
-461463112
-461487133
-461589070
-462047028
-462093234
-462390596
-463551235
-465262087
-465408224
-465825851
-465973684
-467278711
-468268140
-468743084
-468913430
-469450464
-469452704
-469529581
-469883228
-469968814
-470943793
-472290857
-472744749
-472774176
-472945157
-473142073
-473424410
-473829010
-474130400
-474163850
-476068898
-476223836
-476231533
-476458161
-476586342
-477186645
-477492087
-478291118
-478804752
-479510845
-479985054
-480095104
-480886999
-481042161
-481071574
-481079502
-481266283
-481825992
-481966139
-482041622
-482343964
-483077216
-483534960
-483603030
-484148350
-484467001
-485742997
-486395002
-486994164
-488291350
-488646450
-490676885
-491275670
-491864688
-492302797
-492778043
-492820169
-493870486
-494759136
-494934225
-495374671
-495946420
-496235401
-497345227
-497751766
-498012863
-498069024
-498408959
-499184268
-499320956
-499946783
-501315558
-501526165
-501780542
-502285628
-502304107
-502309231
-502471533
-502776626
-502845149
-502976167
-503460125
-503487682
-503958017
-504238935
-504289271
-504398844
-505071417
-505554920
-505815570
-506443320
-506604207
-506929733
-507042759
-507984286
-508024434
-508591886
-508773964
-509365892
-509645690
-510960436
-511391209
-511491643
-511847716
-512038429
-512611145
-513015071
-513348038
-513831634
-514980418
-517207362
-517319119
-517911208
-518260887
-518438797
-518963570
-519647204
-519783880
-520139971
-520785246
-523997719
-525024284
-526267725
-526950638
-526980507
-526990647
-527116436
-527260351
-528512695
-528753923
-528852213
-528875268
-529202960
-529857384
-530104614
-530295728
-533958399
-534215823
-534283557
-534411718
-534967292
-535894788
-536321006
-536567169
-536617926
-537257493
-539613578
-540400430
-541399140
-541515675
-541901149
-543436092
-544082531
-544195147
-544431531
-544971861
-545137647
-546483385
-547384381
-548148929
-548501419
-548554618
-548566777
-548836607
-548981095
-550235200
-550289845
-550408177
-550579680
-550588284
-551358090
-551674214
-551743971
-553507240
-554539113
-554887446
-555582169
-555734840
-556099471
-556185264
-556399282
-556630188
-556667682
-558669971
-559848322
-561900515
-562385883
-562970837
-563463798
-564001353
-564763020
-565235774
-565850696
-568171466
-568220607
-568728806
-569017938
-569966597
-570321538
-570911469
-571289128
-571303304
-571836318
-572554537
-573094757
-573558659
-573690787
-575716099
-576082005
-577403543
-577566663
-578346723
-581484242
-582080193
-582082887
-582558672
-582687202
-583255247
-583468658
-583476491
-584102598
-584452036
-584713386
-586007334
-586133635
-586338745
-586461361
-586489804
-588000122
-589973976
-590555911
-590757901
-591568964
-592106325
-592240471
-592833816
-593283535
-593503863
-593678215
-593791799
-593827019
-594054968
-594482585
-595912130
-596508118
-596728352
-596913747
-598251009
-598561506
-598691760
-598849068
-598926065
-599108854
-599177908
-599608752
-600114037
-600750786
-603663877
-603982200
-604950158
-604954435
-605294916
-605716504
-605756909
-606256712
-607618014
-607712016
-608908830
-609362152
-609791143
-609914413
-609935642
-610225843
-612016927
-613045464
-613292700
-613928853
-614063342
-614489552
-614789219
-615536369
-616215453
-616298583
-616574193
-616913826
-617925458
-619463376
-620536593
-620603329
-620708293
-620780250
-621068577
-621381922
-623017171
-623425215
-623811501
-624219981
-625471907
-625617093
-625721125
-626359854
-626781850
-627300480
-627420644
-627896229
-631213646
-631897571
-632347886
-633302603
-633704995
-634113933
-636426923
-636499371
-636505906
-636739609
-636868740
-636950124
-639026219
-640294783
-641115915
-643503437
-643874732
-644723421
-645275397
-645710161
-646062607
-647191092
-648241030
-648461357
-649155350
-650203929
-650465103
-651726756
-651911214
-651912478
-652211452
-652459501
-652577749
-652650147
-653084293
-653184769
-653927539
-654153099
-654323722
-654624430
-654641374
-654769734
-655863344
-656335772
-656418067
-657933878
-658723193
-659498359
-659964586
-660501591
-660704589
-660961136
-661374044
-662351406
-662891007
-664179288
-664294341
-664538535
-665610235
-665758244
-666525010
-666691859
-667984072
-668835898
-669436499
-669870099
-671191536
-672311164
-672961642
-673055173
-675198938
-675542900
-675687447
-677303360
-677336136
-677690548
-678049388
-679768580
-680005103
-680013370
-680424612
-682147486
-683215502
-683525740
-683824674
-684477587
-685996543
-686058355
-686217167
-686499080
-687257366
-687302964
-688141950
-688321230
-688381809
-688423017
-688511960
-688655191
-689124131
-689753329
-690547004
-690639580
-691000999
-691318211
-691638721
-691785774
-691950123
-692925062
-693888530
-694230319
-694431100
-695551958
-696563307
-697146003
-697618358
-697904861
-698523109
-699747080
-700126914
-700487324
-701512781
-701855647
-702016928
-702030116
-702562666
-704106790
-705757134
-706119533
-708056100
-708101351
-708863835
-709336257
-709337048
-709492593
-709723672
-709825112
-709913048
-710283771
-710321594
-710409284
-710957913
-711347731
-712135053
-712689420
-713885862
-714127994
-714157432
-714505340
-714634091
-715257304
-715777092
-716355983
-716466948
-716903138
-717446323
-717479670
-717785352
-718003294
-718325330
-719119213
-719354555
-720403040
-720503565
-721001819
-721580735
-722350665
-722765217
-724277329
-724291483
-724528031
-724822515
-725341554
-725680846
-725779971
-725870064
-727458846
-727981902
-728232588
-728366602
-728686289
-728733047
-729128769
-729671039
-729754205
-729899166
-731275601
-731665597
-732248503
-733441725
-737511252
-738363659
-739120800
-739295583
-739555417
-740053202
-740243679
-741309259
-742181128
-742813011
-744211524
-744863363
-745560218
-745586954
-746190032
-746260412
-746422724
-746577041
-747429728
-747708333
-748656017
-748855267
-749768433
-750114408
-751441394
-751638188
-751687044
-751735088
-751865331
-752178765
-752311142
-752624154
-753084975
-753394974
-753455099
-753496788
-753827120
-754909084
-755312124
-756214384
-756485821
-757270097
-757464703
-757956647
-758085624
-758585064
-759121741
-759461029
-759686801
-760753343
-760767890
-761196483
-761491797
-761671685
-761780733
-762697964
-762894479
-762973255
-763195026
-763220411
-763447274
-765667684
-766022791
-767313464
-767713957
-768327450
-769440466
-769995627
-771088041
-772174087
-772662325
-773400212
-773913811
-774032019
-775018749
-775140623
-775412115
-775450443
-775916897
-776232464
-776626958
-776659386
-776751153
-777249398
-777684603
-778326280
-778364174
-782199665
-782999053
-783033442
-783181683
-784341387
-784885338
-785138469
-785183067
-785298480
-785736650
-785745224
-786230748
-786459137
-787316577
-787489328
-787794737
-787950105
-788014619
-788404324
-788808602
-789265696
-790280780
-792743654
-793692773
-793939780
-794394119
-794875943
-794943253
-794953354
-796349905
-796846631
-797701365
-797869236
-798224625
-798655223
-798844635
-800062056
-800085773
-802364960
-803401462
-803824115
-804756372
-805554637
-806404200
-808254959
-808740217
-809026285
-809789140
-809938265
-810176985
-813832794
-814492559
-814908692
-814986611
-815258952
-815625509
-816411446
-816570788
-816707534
-816849683
-817152513
-817195024
-817810329
-817905022
-818186606
-818798603
-818855582
-819567423
-821089658
-821100700
-822745778
-823035203
-823727549
-824067931
-824407771
-824746351
-825478411
-826922692
-827114803
-827493870
-828187218
-828524141
-829170969
-829212493
-829446965
-830448750
-830820725
-831157700
-832045145
-832208101
-832335244
-832510196
-834707538
-834883210
-835236670
-836238045
-836478102
-840039788
-840403895
-840527365
-841051093
-841371646
-841510444
-841522141
-841901480
-842342931
-842648041
-843078516
-843431534
-843668374
-843900559
-844368542
-845103323
-845432099
-847370415
-848236806
-848642363
-850041203
-850816329
-850975515
-852383993
-852869509
-853080628
-853457399
-853948026
-854077374
-854828787
-854896314
-855026373
-855384627
-855634005
-857129065
-857171569
-858480665
-859063710
-860340814
-861527525
-861644592
-861869534
-862368638
-862533907
-863026803
-863493237
-863670405
-863790089
-864414939
-864907140
-864966593
-865134443
-865169264
-865628441
-866308923
-866436764
-868247421
-868550481
-869236323
-869312692
-869703976
-870111254
-870304485
-872303580
-872415363
-872456811
-872850120
-872934297
-872946506
-873403720
-873967292
-874047432
-876037693
-876576355
-877083872
-877196837
-877491662
-877521186
-878464068
-878813093
-878827362
-879118130
-879284246
-879309732
-879746448
-879998117
-880028926
-881547795
-882012809
-882945691
-883393287
-884733171
-885384989
-885675662
-885934240
-886476617
-887182263
-887224307
-887338335
-887720224
-888239180
-888421450
-888514830
-889071768
-889080978
-889450292
-889453697
-890376347
-890656279
-891259330
-891401344
-893436156
-894150772
-895220857
-895440741
-895462653
-896790867
-896801571
-897108828
-897770176
-897972507
-898042337
-898074403
-899390931
-900340824
-900385241
-902717287
-903092572
-903182086
-903301904
-903489295
-903500999
-903938028
-904203794
-906067743
-906706788
-907533680
-907885777
-908044375
-908478570
-908606415
-910420874
-910487261
-910769589
-911217513
-912838752
-913327906
-913598879
-914047680
-915657467
-915829842
-916454190
-916692338
-917716905
-917733406
-918187681
-918437909
-919452723
-919905671
-920063720
-920107325
-920170787
-920738028
-921061352
-921451834
-921519371
-922311896
-924025858
-924118902
-924384904
-924615740
-924852334
-924855392
-925448955
-925722149
-925835570
-925843135
-926052082
-926377071
-927030820
-927115587
-927310241
-927480359
-927757903
-928238609
-929221588
-929543008
-929747359
-930900209
-930963536
-931004986
-931728626
-931889432
-931931279
-932469220
-932532957
-932642635
-933649340
-933960278
-934644899
-934735911
-936303633
-936305790
-936343206
-936646184
-936963027
-937019583
-938052052
-938150577
-938942850
-939700740
-940791550
-942603332
-942640345
-942794253
-942987271
-943020452
-943334662
-943784028
-943935781
-945415295
-945676297
-946477755
-946680043
-946900802
-947092630
-947887980
-948273657
-948657670
-949219297
-949514816
-949544542
-951312668
-951404868
-951689764
-951904236
-951959979
-952574694
-952737730
-952748284
-953544226
-953915700
-954245919
-954548507
-954928047
-955167044
-956031307
-956957044
-957851662
-958286678
-959134392
-959391036
-960161982
-960178433
-961872143
-961950717
-962124466
-963732014
-963957209
-964512583
-965456074
-965847004
-966189854
-966432157
-967316011
-967473941
-967501797
-967745796
-967820440
-968137588
-968267585
-968585992
-969798049
-970405063
-970657724
-971193701
-971465971
-972135289
-972145083
-972645838
-972955200
-974501688
-974570213
-974707936
-974878713
-974892331
-974909133
-975224436
-975649889
-977512872
-977551633
-977631178
-978073986
-979129839
-979938312
-980047735
-980574670
-981270832
-982226076
-982293736
-983589479
-984244154
-985127840
-985223847
-985253204
-986608820
-987454530
-987673191
-988059539
-988081430
-988863936
-989130313
-989309998
-989688458
-990108000
-990214860
-991608168
-992036418
-992337568
-992423315
-992522580
-992763697
-992830321
-993096664
-993378750
-994678069
-995165995
-995566131
-995622090
-996339634
-996510846
-996983397
-997653256
-998240708
-999134728
-999426772
-999773071
-999945388
-1000018227
-1000038030
-1000280040
-1000378983
-1000401433
-1000548743
-1001288757
-1002367671
-1002970522
-1003061237
-1004363165
-1004550105
-1004936266
-1005035642
-1005580695
-1006590471
-1006651571
-1007016008
-1007160314
-1008789958
-1008794158
-1008873487
-1009007458
-1009222690
-1010110665
-1011804905
-1012545494
-1012747293
-1012754554
-1014206175
-1014634781
-1014719016
-1014979709
-1015347144
-1016378937
-1016463016
-1016841505
-1017491093
-1018024104
-1018762797
-1019046113
-1020421296
-1021495261
-1021591959
-1022754132
-1023241713
-1023527295
-1024182912
-1024280288
-1025961341
-1026771328
-1027729009
-1027937409
-1028156653
-1028824601
-1028925162
-1029898793
-1031009389
-1031748948
-1032069946
-1032198777
-1032334072
-1032339393
-1033042239
-1033055628
-1033125003
-1033177570
-1033688809
-1033795612
-1034014295
-1034208665
-1034937175
-1035684540
-1036517756
-1036657458
-1036670283
-1037408034
-1037447600
-1038690729
-1039183992
-1039291645
-1039322758
-1040553008
-1040954123
-1041345939
-1042206157
-1042743179
-1044489888
-1046788480
-1046982155
-1047449326
-1049462263
-1051403444
-1051755964
-1052547364
-1052908943
-1053365456
-1053852273
-1054057091
-1055585079
-1056427030
-1057444833
-1057840404
-1058427972
-1058630823
-1059102467
-1059744069
-1061157096
-1061467697
-1061916534
-1063798874
-1064063216
-1064741044
-1064865755
-1065877145
-1067643587
-1068557858
-1069153485
-1069590491
-1070026051
-1070265453
-1070397002
-1070558936
-1070643492
-1070788433
-1071445570
-1072711959
-1073551882
-1073585937
-1074071272
-1074475009
-1074580539
-1075159894
-1075889440
-1076629917
-1077004314
-1077167388
-1078078425
-1078963012
-1079176569
-1080175020
-1080687126
-1081157301
-1081526990
-1082903676
-1085778746
-1086807321
-1086846272
-1087094759
-1087418707
-1087613738
-1087862262
-1088487607
-1088517266
-1089587109
-1090384015
-1090904059
-1091025188
-1091085719
-1091314580
-1091881366
-1093137132
-1093149716
-1093171972
-1093997072
-1094843341
-1095370886
-1097604401
-1097938035
-1097962414
-1098143840
-1098439376
-1098852012
-1098925278
-1099279752
-1100983993
-1102841913
-1103459042
-1105489968
-1106089893
-1106953349
-1109125547
-1110212006
-1111116030
-1111354431
-1111906453
-1112633856
-1113343522
-1113617987
-1114244070
-1114267404
-1114454913
-1114675300
-1114864206
-1114983674
-1115065391
-1115176723
-1115194451
-1115534473
-1115830627
-1116771966
-1117260271
-1119196269
-1119578566
-1119588902
-1120272380
-1120369266
-1121670788
-1121704567
-1121969838
-1122383295
-1123170287
-1123250414
-1123425739
-1123554182
-1124071406
-1124651547
-1125361018
-1125915384
-1126274351
-1126316293
-1126834104
-1127622890
-1127925468
-1129156956
-1129718384
-1129796181
-1130108655
-1130114596
-1130173817
-1130401008
-1131262935
-1132151729
-1132270159
-1132361775
-1132659493
-1133270140
-1133322946
-1133593524
-1133730585
-1134620928
-1134795008
-1135013952
-1135594193
-1135700573
-1136154552
-1136419758
-1136668479
-1137204169
-1137444886
-1139815641
-1139837588
-1140053209
-1140356786
-1141151868
-1141694630
-1141939452
-1142151805
-1142919621
-1143016856
-1143247440
-1143458018
-1143485101
-1144324898
-1144363025
-1144527303
-1145116441
-1147010966
-1148065323
-1149483191
-1149778468
-1149897014
-1149997522
-1150091850
-1150406029
-1151023628
-1151137845
-1151459710
-1151534135
-1151719175
-1152182537
-1152957843
-1152997108
-1153164967
-1153660570
-1155067951
-1155159954
-1155550251
-1156108438
-1156750418
-1157275793
-1157674806
-1157753860
-1157866397
-1158051799
-1159147335
-1159517576
-1160054145
-1160461657
-1160493094
-1160845679
-1161148006
-1161818206
-1162118484
-1162533634
-1163646416
-1163868515
-1164471728
-1164772980
-1164836045
-1165005670
-1165555372
-1165980090
-1166471300
-1167658543
-1168400046
-1168628162
-1168628451
-1169032273
-1169111159
-1169284589
-1169740269
-1170192801
-1170592470
-1171290094
-1171783536
-1171976655
-1173108446
-1175641465
-1175977902
-1176123017
-1177306188
-1178108951
-1178881924
-1179976081
-1180154575
-1181160587
-1181219331
-1182045087
-1183041774
-1183658518
-1183744496
-1183798316
-1184491034
-1184575677
-1185186943
-1185351199
-1185502801
-1185646551
-1185868566
-1186556870
-1186596264
-1186629041
-1188275491
-1188466389
-1188782162
-1188917058
-1189766656
-1191354812
-1191411908
-1191736638
-1191807354
-1192725894
-1193133285
-1193643204
-1194377526
-1194432128
-1194840073
-1194860499
-1195127222
-1195734743
-1196064050
-1196255040
-1196440967
-1196993858
-1198116216
-1198166233
-1198803694
-1200307032
-1201953562
-1202288369
-1203631251
-1203877903
-1204344174
-1205598175
-1205606117
-1206045815
-1206624426
-1206995858
-1207053458
-1207346639
-1209026440
-1210510494
-1210994988
-1211277083
-1211439752
-1211819553
-1211900532
-1212700297
-1214195602
-1214317383
-1215703128
-1215704157
-1216136295
-1217005371
-1218733191
-1219311116
-1220899783
-1221034956
-1221165079
-1221239532
-1221287687
-1221442600
-1221637529
-1222105898
-1222331731
-1222547053
-1222663277
-1222774835
-1223452117
-1224969936
-1225321504
-1225672546
-1226464456
-1226537212
-1227197537
-1228178434
-1228535325
-1229271347
-1229288437
-1229644380
-1230730019
-1231095466
-1231227381
-1231862421
-1231916572
-1234019984
-1234434093
-1235104842
-1235161285
-1235264050
-1235404167
-1235672580
-1235966730
-1236210570
-1237004073
-1237238170
-1239167325
-1240362964
-1240419042
-1240429905
-1240922675
-1241334401
-1241337332
-1241352537
-1241580455
-1242284267
-1242487886
-1242950708
-1243139386
-1243164133
-1244516491
-1245068287
-1245182303
-1245246649
-1245264823
-1245940220
-1245940972
-1246191390
-1246751742
-1248663188
-1249404974
-1249516698
-1249594631
-1249890835
-1249961693
-1250193829
-1250393006
-1251083698
-1251332440
-1251473864
-1251487339
-1251727093
-1252633679
-1252702429
-1253508890
-1253756763
-1255610220
-1256933048
-1257309493
-1257437783
-1257699036
-1257762702
-1257772423
-1259002010
-1259005452
-1261777552
-1262337843
-1262866032
-1263950174
-1264094859
-1264176548
-1264231848
-1264489230
-1264507128
-1264890368
-1267275940
-1269451748
-1271959149
-1272192367
-1272330938
-1272527238
-1272733083
-1272981244
-1272998243
-1273097903
-1273433577
-1273697543
-1273959325
-1274249275
-1274418866
-1274787618
-1275270992
-1275588918
-1275910946
-1277690784
-1277709221
-1277717647
-1278825792
-1278912097
-1279012987
-1279723397
-1279786732
-1280317297
-1280525821
-1281186873
-1281338548
-1281934981
-1282222118
-1282392989
-1283092339
-1283439092
-1283513147
-1284927333
-1285174521
-1285756650
-1285885850
-1286872968
-1287715307
-1288100064
-1289473439
-1289738747
-1291320255
-1291327002
-1291497768
-1291542755
-1292795335
-1292862214
-1294153164
-1294685052
-1295864744
-1296875373
-1297514673
-1298641878
-1299007566
-1299244219
-1300682971
-1301056611
-1301533225
-1302413650
-1302517091
-1302871039
-1303249156
-1303368101
-1303599685
-1304292311
-1304811133
-1305190536
-1305824872
-1306252459
-1308028736
-1308157358
-1309051402
-1309133064
-1309659107
-1309860914
-1310393707
-1311007677
-1311140192
-1311619623
-1313117957
-1313126219
-1313889049
-1314765738
-1315236879
-1315852392
-1316579411
-1316792418
-1317349038
-1317558896
-1318124821
-1318582275
-1319855523
-1320075221
-1320555023
-1321427552
-1322065976
-1322615658
-1323344571
-1323444316
-1324139771
-1324196637
-1324277510
-1326732511
-1326851965
-1328190985
-1328312105
-1330266578
-1330364595
-1331125457
-1331667062
-1332462859
-1333182449
-1333447676
-1333642021
-1334758881
-1335519075
-1337399789
-1337561821
-1338230549
-1338570964
-1338900400
-1338943479
-1339126810
-1339130034
-1339808025
-1342852244
-1343095547
-1344436615
-1344911369
-1345673207
-1345773720
-1346290617
-1346623883
-1348595986
-1349240315
-1349375403
-1350982426
-1351048294
-1351251706
-1351812479
-1351884260
-1352500912
-1353412353
-1354238042
-1354458185
-1354727998
-1354867279
-1354884945
-1354919943
-1355525833
-1356387212
-1356750807
-1356785630
-1356893084
-1356906625
-1357905796
-1358031918
-1358195861
-1359961676
-1359972128
-1360531801
-1360725175
-1361713494
-1362902299
-1364394968
-1364783488
-1365505416
-1367441645
-1367460215
-1369055977
-1369246113
-1369657341
-1370336400
-1370944598
-1371303827
-1371560240
-1372217373
-1372884962
-1373116474
-1373365361
-1373527898
-1373539486
-1373692799
-1373823186
-1373854936
-1374200350
-1374623658
-1374624666
-1374969217
-1375441819
-1376300811
-1376684055
-1376758514
-1376779537
-1377080690
-1377605805
-1379051349
-1379282379
-1379451549
-1380197669
-1382711101
-1382992082
-1383315165
-1383673941
-1385748514
-1386569434
-1386701706
-1387893320
-1387997256
-1388154333
-1388251068
-1388461923
-1388921442
-1388987599
-1390486353
-1390511872
-1390887948
-1391144765
-1391274295
-1391306772
-1391347383
-1391617558
-1391837027
-1391865040
-1392383296
-1393240798
-1395080475
-1395170771
-1395608145
-1396042351
-1396867174
-1397745534
-1399872851
-1400694474
-1400756822
-1401283293
-1402139611
-1402321339
-1402472509
-1402692160
-1402707532
-1403251986
-1403348089
-1403590953
-1404138629
-1404599903
-1404632257
-1404864906
-1405582672
-1405904192
-1406082098
-1406660640
-1406806569
-1407146936
-1408056675
-1408244476
-1408475138
-1409528368
-1409896758
-1409970181
-1410772188
-1411490734
-1412927061
-1413607360
-1414283279
-1414443439
-1415150235
-1416131986
-1416361359
-1416724321
-1418021812
-1418037399
-1418079281
-1418309211
-1418742219
-1418756792
-1418977186
-1419002447
-1420066726
-1420309189
-1420636844
-1420949664
-1421816758
-1423396811
-1423914643
-1425681450
-1426588014
-1427632094
-1427785956
-1427884226
-1428268596
-1428394902
-1428560193
-1429013961
-1429826414
-1430135906
-1430871175
-1432667987
-1433563925
-1433749986
-1435221127
-1435547646
-1436254185
-1436285969
-1436750105
-1436804325
-1436950431
-1437563392
-1438009582
-1438415645
-1438892524
-1439015330
-1439211768
-1441126438
-1441296420
-1441505320
-1441807379
-1442470703
-1443026691
-1443098407
-1443475250
-1443670019
-1443702055
-1444131504
-1444267351
-1444665637
-1444917465
-1444930339
-1444983385
-1445316513
-1445413487
-1446035367
-1446521202
-1446823931
-1447500498
-1447911142
-1448579203
-1448624199
-1450327012
-1451275727
-1451657561
-1452358231
-1452499644
-1452997173
-1453204535
-1453326000
-1454322652
-1454778553
-1455127075
-1455189532
-1455323209
-1456813439
-1456993894
-1457161372
-1457361090
-1457655299
-1457783778
-1459840010
-1460741491
-1461002056
-1461518021
-1462496035
-1462581970
-1462734991
-1464113072
-1464447568
-1464476980
-1465106617
-1466893367
-1467392258
-1467955264
-1468194071
-1469516784
-1469648339
-1469957722
-1470349730
-1470605217
-1470745831
-1471947611
-1472206921
-1472619298
-1473383004
-1474018342
-1474517764
-1474741336
-1475354800
-1477769947
-1477883405
-1478747727
-1479784453
-1480178076
-1481684854
-1481845528
-1481988648
-1482688993
-1482803401
-1483277933
-1483363410
-1483663347
-1484286983
-1484449133
-1484665575
-1485966439
-1485992292
-1486436201
-1486573019
-1486594016
-1486596661
-1486735032
-1487198284
-1488063726
-1488273494
-1488870549
-1490325027
-1490949169
-1491316384
-1492298700
-1493074015
-1494564058
-1494628163
-1496890333
-1497262790
-1497771794
-1497818707
-1499620093
-1499676315
-1499690900
-1500038129
-1500992491
-1501204130
-1501353740
-1501575424
-1501604004
-1503007999
-1503061061
-1503114801
-1503468310
-1503778245
-1504131765
-1504151427
-1506376295
-1506622570
-1506739442
-1506766581
-1507335310
-1507629778
-1508175800
-1508378440
-1509046395
-1509118361
-1509119875
-1510554095
-1510782925
-1511302945
-1511467884
-1512843619
-1513181015
-1513661803
-1514472915
-1515375206
-1516034343
-1516080487
-1516462326
-1518456897
-1519438122
-1519809391
-1520114062
-1520270771
-1520331107
-1520553891
-1520597864
-1521094903
-1522161847
-1522276769
-1523018134
-1523547908
-1523664680
-1525178694
-1526486992
-1526906994
-1527196632
-1527228968
-1528327699
-1528830007
-1528915496
-1528961177
-1529483410
-1530143882
-1531098222
-1532143398
-1532327106
-1532894876
-1533786775
-1534799692
-1535503407
-1535967132
-1537869120
-1538055253
-1538425292
-1538574621
-1538906433
-1538953975
-1539239425
-1539670436
-1539709968
-1540373325
-1541416986
-1541650225
-1542106651
-1545921624
-1546096910
-1546724689
-1547324433
-1547373471
-1547788253
-1548586548
-1548921574
-1549827933
-1550496544
-1551648256
-1552279291
-1552310174
-1552672338
-1553255877
-1553466600
-1554586160
-1554587444
-1554975832
-1555143133
-1556211593
-1556864953
-1557321235
-1558219453
-1558471816
-1559233250
-1559699042
-1560532843
-1560677782
-1560750560
-1560932109
-1561050625
-1561846273
-1562035715
-1562521085
-1564064816
-1564499695
-1564806511
-1564995759
-1565067083
-1565741179
-1566212727
-1566458951
-1566475913
-1567959137
-1568420105
-1569770279
-1570282933
-1570427785
-1571023489
-1572657783
-1573053372
-1573165336
-1573338449
-1573422238
-1575454213
-1575475533
-1576645701
-1576889039
-1577824868
-1578326054
-1578470122
-1578740192
-1578805354
-1579940539
-1580392179
-1580757866
-1580905060
-1581898844
-1583142954
-1584176233
-1585111231
-1585969829
-1586068981
-1586272872
-1586307051
-1587192104
-1587623754
-1588442191
-1588959176
-1589540155
-1589860602
-1590002909
-1590331435
-1590856969
-1590869729
-1591379226
-1591655795
-1591845309
-1592379875
-1592429471
-1592641381
-1594642160
-1594700595
-1595151944
-1595554503
-1595698039
-1596896503
-1597007601
-1597841936
-1597992515
-1598716394
-1598760055
-1599034893
-1599375557
-1599637757
-1600087850
-1600295177
-1600745199
-1600866957
-1601195962
-1601398234
-1601498568
-1602822812
-1603006231
-1603964087
-1604999565
-1605366674
-1605593968
-1606433494
-1606450356
-1607057926
-1607695684
-1608190282
-1608712906
-1608740065
-1608934226
-1608997858
-1609532202
-1610415273
-1611022480
-1611335273
-1611610358
-1611772068
-1612424064
-1613657557
-1614007083
-1614126643
-1614153394
-1614272153
-1614414026
-1614862874
-1616080448
-1616878338
-1616896886
-1617035772
-1617045816
-1617655979
-1617723075
-1617922537
-1618093130
-1618227345
-1618577667
-1619148613
-1620957564
-1623204463
-1624062277
-1624201915
-1624590408
-1625956682
-1626055541
-1626383044
-1626663634
-1628124068
-1628915483
-1629358965
-1629460987
-1630213170
-1630409404
-1631331748
-1631918051
-1632562987
-1633035777
-1633340933
-1633495253
-1633700324
-1633959830
-1634206279
-1634616325
-1634739574
-1635522702
-1636450303
-1636475912
-1636758556
-1636917016
-1636920398
-1636956267
-1637192824
-1637393031
-1638039568
-1639178097
-1639199109
-1639377414
-1640147883
-1640316875
-1640410920
-1641422256
-1643061092
-1643891266
-1644804345
-1644859725
-1644920645
-1644989082
-1645046655
-1646022398
-1646323890
-1646704324
-1646734251
-1648114695
-1648333536
-1648552382
-1648690824
-1648975697
-1649557982
-1649585316
-1650112660
-1650435300
-1650775756
-1651005945
-1652462736
-1652647185
-1654604074
-1654734938
-1654749231
-1655235308
-1655897213
-1656084415
-1656170908
-1657034096
-1657366744
-1657589088
-1657682346
-1657846287
-1657913388
-1658010590
-1658183454
-1658689224
-1659459716
-1661096840
-1661108482
-1662060454
-1662783906
-1663134440
-1663400202
-1663666392
-1664679461
-1665021019
-1665262669
-1665698913
-1666550528
-1666734516
-1667326775
-1667335552
-1667388991
-1667859995
-1667998980
-1668442445
-1668564381
-1669782587
-1670297732
-1670891558
-1671623664
-1672586637
-1672595667
-1672995313
-1673256343
-1673263425
-1673739239
-1673999435
-1674787907
-1675346702
-1675910535
-1675947957
-1676008946
-1676124641
-1676621269
-1676858388
-1677417721
-1678019015
-1678312099
-1678494184
-1679194548
-1679376828
-1679442159
-1679681130
-1679700101
-1681552196
-1683163853
-1683512594
-1684039931
-1684111176
-1684278178
-1685024252
-1686131714
-1686211871
-1686235791
-1687238161
-1687503378
-1688447060
-1688777923
-1689638127
-1690392724
-1691862589
-1692148228
-1693492144
-1695397734
-1695406288
-1695445375
-1696480903
-1696550204
-1696721685
-1697088880
-1697549678
-1697919707
-1698216379
-1698762746
-1699126804
-1700179349
-1700329255
-1700410450
-1700847242
-1701367435
-1701544079
-1701569626
-1701609581
-1701926695
-1702865628
-1703116533
-1703603086
-1703935414
-1705180488
-1705321188
-1705720498
-1706147106
-1706332332
-1708447210
-1708518222
-1710426080
-1710834996
-1711649566
-1712026141
-1712351691
-1712642416
-1712998353
-1713096155
-1714051072
-1714124146
-1714925888
-1715256618
-1715298169
-1715444639
-1715561923
-1716041244
-1716978848
-1719246497
-1719542028
-1720063531
-1720288935
-1720707001
-1720712540
-1721412378
-1722213569
-1722275540
-1723281135
-1723328074
-1723742238
-1724245321
-1724628205
-1725219440
-1725394719
-1725954368
-1726066186
-1726996422
-1727593035
-1727999212
-1728139858
-1729691982
-1730611642
-1730970135
-1731199781
-1732293693
-1732521995
-1732665175
-1733185790
-1733627768
-1733880132
-1734071325
-1734341562
-1735123781
-1735528335
-1735736360
-1735740140
-1736706352
-1737134049
-1737170566
-1737814796
-1739124480
-1739909625
-1740244268
-1740699053
-1741811436
-1743224916
-1743435118
-1743722225
-1744373672
-1745020505
-1745954806
-1746378743
-1746539631
-1746967835
-1747843180
-1748402014
-1750576767
-1750943563
-1750991724
-1751072648
-1751307771
-1751653194
-1751766689
-1751838107
-1752408622
-1753051323
-1753401174
-1754681154
-1755195898
-1755968221
-1756329980
-1757498602
-1758608999
-1759742652
-1760328104
-1760396545
-1760655309
-1760859472
-1761604731
-1763361778
-1763382788
-1763537679
-1764023866
-1764548317
-1764834634
-1765252999
-1765661769
-1765754488
-1765820060
-1766713510
-1767434648
-1767837537
-1767842800
-1768729301
-1768748002
-1768834918
-1770035098
-1770421502
-1770745445
-1771009373
-1771253341
-1771382747
-1771610482
-1772115039
-1772763457
-1773747369
-1773809591
-1774399070
-1775237012
-1775290410
-1778060901
-1778744716
-1780601122
-1781807388
-1782266493
-1782269100
-1782919655
-1783575131
-1784163572
-1784214591
-1784808049
-1785397616
-1785564676
-1786834021
-1787351314
-1787389078
-1787482659
-1787869936
-1789429759
-1789767478
-1789925374
-1790310870
-1790337203
-1790568283
-1790751399
-1791823914
-1792709108
-1793045488
-1793767472
-1794253744
-1794315835
-1794827958
-1794892467
-1794899479
-1795078277
-1795589324
-1796700162
-1796759712
-1796846777
-1797242389
-1797704657
-1797898216
-1798296414
-1798533409
-1798599168
-1799006188
-1799150085
-1799264481
-1799280799
-1799488486
-1800342404
-1800439985
-1800587237
-1801875471
-1802291036
-1804173500
-1804865010
-1805344354
-1805513914
-1806274368
-1807120551
-1807414476
-1807735834
-1807876306
-1807905405
-1808287040
-1809921818
-1810569158
-1810830650
-1811111447
-1812020814
-1812530586
-1812644696
-1814379850
-1814917848
-1815085667
-1815182476
-1815383685
-1816006826
-1816588507
-1816682482
-1816685499
-1817292501
-1817429408
-1817687600
-1818215256
-1818431799
-1818448026
-1818786027
-1819070510
-1819385311
-1820428303
-1820938241
-1821562084
-1821695569
-1822494818
-1822801389
-1822879915
-1823120814
-1823722130
-1824699039
-1824792627
-1824874068
-1826298429
-1826314381
-1826557466
-1827720460
-1828350556
-1828547998
-1829699990
-1829700249
-1829733560
-1831220265
-1835039280
-1836888065
-1837118869
-1837465333
-1837571212
-1839207322
-1839695982
-1839936759
-1840640890
-1840958083
-1841560663
-1842170625
-1842866542
-1844897957
-1845430225
-1845726226
-1845877102
-1846153849
-1846700456
-1846903582
-1847127442
-1847331252
-1847717905
-1847893623
-1848265017
-1849891298
-1849898889
-1850017722
-1850075308
-1850683663
-1852430910
-1852863718
-1852866777
-1852868127
-1853378721
-1854041858
-1854301796
-1855421858
-1855892377
-1856601168
-1856750041
-1858878196
-1859163768
-1859212797
-1859247290
-1859324754
-1859469412
-1859827439
-1862707467
-1862787600
-1865055511
-1865531738
-1866373253
-1867446772
-1868523661
-1868665006
-1870500934
-1870605864
-1871355143
-1871358909
-1871471324
-1872076159
-1872280075
-1872557731
-1872633142
-1873044856
-1873414662
-1873876142
-1874006685
-1874828889
-1875212699
-1875367166
-1875591530
-1876053070
-1876215036
-1876625858
-1877036150
-1877716982
-1878482344
-1879776925
-1880000010
-1880087139
-1880506780
-1881429108
-1881507361
-1882937017
-1882987747
-1885021040
-1885330511
-1885805044
-1886561291
-1886813853
-1887900051
-1888786168
-1889242155
-1889466934
-1889607971
-1889812381
-1889974395
-1891810026
-1892109875
-1892623896
-1893080049
-1893549628
-1893787727
-1893892929
-1894261290
-1894561369
-1895446868
-1896032788
-1896246540
-1897093702
-1897319608
-1897421083
-1898163907
-1898348663
-1899877604
-1899911296
-1900142888
-1900454535
-1900813023
-1900999003
-1902166700
-1902187717
-1902714498
-1902770647
-1903269101
-1903469614
-1903675628
-1904401544
-1905432760
-1906703875
-1907343643
-1907657019
-1908009160
-1908091491
-1908133375
-1908583127
-1909443333
-1909608260
-1909652896
-1910144609
-1910197894
-1910315117
-1910628099
-1911576977
-1912791902
-1913241993
-1914244953
-1914901778
-1917852600
-1918391433
-1918492112
-1918614716
-1919679114
-1920589997
-1920776339
-1921672131
-1923084135
-1925195497
-1925402525
-1926727105
-1926770129
-1926793941
-1926843225
-1927018769
-1927118267
-1927342020
-1927346094
-1927536234
-1927819649
-1928326126
-1928664236
-1928757890
-1928766049
-1929125460
-1929293082
-1929805515
-1929904675
-1930438188
-1930579075
-1930720766
-1932028862
-1932109023
-1933247361
-1933483674
-1934559815
-1934564153
-1934574139
-1934723978
-1934760589
-1934853081
-1936116519
-1936172252
-1936298218
-1936305166
-1936358455
-1937640339
-1937817577
-1939385132
-1939655603
-1939748754
-1940397901
-1941024033
-1941067389
-1942002582
-1942449312
-1942705296
-1944242165
-1944307898
-1945287008
-1946108693
-1946305427
-1946548439
-1947000802
-1947004397
-1947078639
-1947861671
-1948624068
-1948989021
-1949787649
-1949789551
-1949817778
-1950498387
-1950543327
-1951208143
-1951283318
-1952890933
-1953118697
-1953427422
-1953462942
-1953526930
-1954564496
-1955020251
-1955205176
-1955221001
-1955251370
-1955419478
-1956573065
-1957298036
-1957619970
-1958001924
-1958119313
-1959686298
-1959747412
-1960412733
-1960477498
-1960572668
-1960592558
-1960610687
-1960954892
-1962743685
-1963615842
-1963860039
-1964356223
-1964472919
-1964665864
-1965056195
-1966904842
-1968465419
-1968502098
-1968557682
-1968588166
-1969172511
-1969240879
-1969342385
-1969828209
-1971534807
-1972660136
-1972667895
-1974504328
-1974702684
-1974954141
-1976166932
-1976304323
-1976569903
-1976803811
-1977770843
-1978334624
-1978775960
-1979206650
-1979911473
-1980689002
-1982131411
-1983184787
-1983298927
-1983523516
-1983752048
-1984297600
-1984531367
-1984821413
-1985185638
-1985718505
-1986750382
-1987430693
-1987660246
-1988523215
-1989169371
-1991099042
-1991197797
-1992196560
-1993183200
-1993296729
-1993542876
-1996901359
-1997138302
-1998367737
-1998613307
-1999960876
-2000287919
-2002472468
-2002726701
-2003421668
-2004501930
-2005338693
-2005801349
-2006038207
-2006078530
-2006964075
-2008310176
-2008319962
-2008834210
-2011345875
-2011455618
-2012158762
-2012237208
-2012351981
-2012784760
-2013866049
-2014087772
-2014450295
-2014702978
-2015766076
-2016191452
-2016416579
-2016885254
-2017147724
-2018907013
-2019071324
-2019239162
-2019283192
-2019602358
-2019629054
-2020613427
-2021067507
-2022522627
-2023376229
-2024321214
-2024550317
-2025211632
-2026406313
-2027397132
-2027535412
-2029304391
-2029466961
-2029895929
-2030222923
-2030266113
-2030603084
-2031057664
-2032523079
-2034021223
-2034033773
-2034165763
-2034322041
-2034487468
-2035120917
-2035132004
-2035389918
-2035480407
-2035696001
-2035892249
-2036086812
-2036169753
-2036242186
-2037813117
-2038983077
-2039538478
-2039738769
-2040673484
-2041514048
-2041727022
-2041913287
-2042210962
-2042269648
-2044425118
-2045602460
-2045652414
-2046764546
-2047500411
-2047587382
-2047745359
-2047903125
-2047936831
-2048207824
-2049037263
-2049770337
-2049946855
-2050275311
-2050319304
-2051207360
-2051571782
-2051701176
-2052242631
-2052483325
-2052870520
-2053210889
-2053212633
-2053911130
-2054924211
-2054982605
-2055045202
-2056693453
-2056788829
-2058026719
-2058608344
-2058677153
-2059402803
-2060403598
-2060651178
-2061038917
-2061672598
-2062321933
-2062820244
-2063270247
-2063865294
-2064005305
-2064505434
-2064666175
-2065478721
-2066877751
-2067807838
-2068129535
-2069247308
-2069353245
-2069563599
-2070164560
-2070326291
-2070562815
-2070744498
-2070850987
-2073304522
-2074378737
-2074563139
-2075130124
-2075966750
-2076559866
-2076752106
-2077237715
-2077522215
-2077923099
-2078255877
-2078351975
-2078663546
-2079051521
-2079376257
-2079506694
-2079614822
-2079784720
-2080661854
-2080716068
-2081215062
-2081638872
-2081951547
-2082620941
-2083104661
-2083142427
-2083542142
-2084574816
-2084720300
-2084811575
-2085109038
-2085678089
-2085905616
-2086019005
-2086609981
-2086918117
-2087167845
-2087486898
-2087673002
-2087838406
-2088459941
-2088851934
-2089427409
-2090245320
-2091513773
-2092611452
-2093985086
-2094112578
-2094853885
-2095472218
-2095556167
-2095603604
-2096712339
-2097225847
-2097325269
-2097489732
-2098147364
-2098244386
-2098687228
-2099730285
-2099843062
-2100280235
-2100303118
-2100310642
-2101322439
-2101398711
-2101450109
-2101923741
-2102449857
-2102475842
-2102529141
-2102643148
-2103731796
-2103867442
-2104728511
-2104941821
-2105121948
-2105190139
-2108539958
-2108659732
-2108720211
-2108800348
-2109156199
-2110595938
-2110624945
-2110645151
-2111213651
-2111905417
-2113789004
-2114919365
-2115357627
-2115525959
-2115813246
-2116157934
-2117649689
-2117706530
-2118775987
-2119400324
-2120611225
-2120900538
-2122141567
-2122543207
-2123111179
-2123298310
-2123909622
-2124513761
-2125256243
-2125350410
-2125649144
-2125689717
-2126349561
-2126550565
-2128514085
-2129278529
-2129815082
-2129823235
-2130270965
-2130499235
-2130895054
-2131282727
-2132007926
-2132202506
-2132477702
-2132671223
-2133109653
-2133520671
-2133677510
-2133898603
-2133971961
-2134058834
-2134438912
-2134554361
-2135465329
-2135821062
-2136185371
-2136375471
-2136814940
-2137021387
-2138036641
-2138562235
-2138719925
-2138862813
-2139036689
-2139048733
-2139195529
-2141365217
-2141743495
-2142171382
-2142454285
-2142565501
-2142713106
-2142887148
-2145161216
-2145621383
-2146220730
-2146490853
-2146828656
