-2147178548
-2144889691
-2144173358
-2143797095
-2142329768
-2141442002
-2141308086
-2141037124
-2141009491
-2140851503
-2140425588
-2139588327
-2138829231
-2138761453
-2138390668
-2137861924
-2137504560
-2136899452
-2136548629
-2136344075
-2135945071
-2135768399
-2135271099
-2134954414
-2133986969
-2132939177
-2132042691
-2130731847
-2130601274
-2128996900
-2128830946
-2128708819
-2128335743
-2128209234
-2127934901
-2126792131
-2126148337
-2125749205
-2124767694
-2124733742
-2124495045
-2124426931
-2124234164
-2124090669
-2123093246
-2123032458
-2121750515
-2121400050
-2121076101
-2120569687
-2118226784
-2117486254
-2117413851
-2115807413
-2115516898
-2115404849
-2114334995
-2114264718
-2113753870
-2113046056
-2112992009
-2111939128
-2110920366
-2110468417
-2109622848
-2109441674
-2108898892
-2108878892
-2108742852
-2108695322
-2108236033
-2107994408
-2106235350
-2105993330
-2104907831
-2103902085
-2103178513
-2103086606
-2103026780
-2102322691
-2101555795
-2101551786
-2101548830
-2100221899
-2100154011
-2098903276
-2098693751
-2098680720
-2096187054
-2096168927
-2095451182
-2095278625
-2095161149
-2095015003
-2094793857
-2094482001
-2094249988
-2093817922
-2092563425
-2092361915
-2092263202
-2091484725
-2091016255
-2090954088
-2090749135
-2090721879
-2089459533
-2089336133
-2088461089
-2086939468
-2086925904
-2086737047
-2086595122
-2086529840
-2086039219
-2085042093
-2085035353
-2084842540
-2084778478
-2084363907
-2084269801
-2083556553
-2083238307
-2082831703
-2082501484
-2080621705
-2080265576
-2079910230
-2079623361
-2078900831
-2078349042
-2078125942
-2078046351
-2077946953
-2077841788
-2076853382
-2076580496
-2076546791
-2076150082
-2075073321
-2074558928
-2073032659
-2072683941
-2071421954
-2070016442
-2069326171
-2069271943
-2069007371
-2068363916
-2067908518
-2067684473
-2067349480
-2067062844
-2067045024
-2066605221
-2066229882
-2065215352
-2065015255
-2064790552
-2064261310
-2063672426
-2061945227
-2061859894
-2061800220
-2061670619
-2061123242
-2059043734
-2057734960
-2056726705
-2056626238
-2056543553
-2056153858
-2055260352
-2055253150
-2053629357
-2052451259
-2052263093
-2052164476
-2051961306
-2051765325
-2050037319
-2049937884
-2049513134
-2049145011
-2048335465
-2047753023
-2047496223
-2047493086
-2047327095
-2047260970
-2046484407
-2046072780
-2045781427
-2045693182
-2045243867
-2045059768
-2043927063
-2043854364
-2043747421
-2043613561
-2043155985
-2042667134
-2042598215
-2042322663
-2041764593
-2040646356
-2039530251
-2039346688
-2038782702
-2038628892
-2038123795
-2037901714
-2037634830
-2037277650
-2037262617
-2036594136
-2036453503
-2036450002
-2035087367
-2034755745
-2034570584
-2034255288
-2034178544
-2032709290
-2032613547
-2032200855
-2031544767
-2031015317
-2030551235
-2029283447
-2028812166
-2028711105
-2028661241
-2027831750
-2027728826
-2027210993
-2026698517
-2026633003
-2026630024
-2025698912
-2024826723
-2024078783
-2023546274
-2022901862
-2022567413
-2021850032
-2021280836
-2019550163
-2018923284
-2018761255
-2018757017
-2018523250
-2018337344
-2018185925
-2018169070
-2017579353
-2017394604
-2015982938
-2015920594
-2015807478
-2015599975
-2014999751
-2014502905
-2014485038
-2014259548
-2013622268
-2013354758
-2013153443
-2012862686
-2012597537
-2011303117
-2008573651
-2008129550
-2007797342
-2007741374
-2007065194
-2006860233
-2006816017
-2006657599
-2006648343
-2005687185
-2005515633
-2004607681
-2004405736
-2003194834
-2003167191
-2002967109
-2002329122
-2002039584
-2001926751
-2001035784
-2000652555
-2000648935
-1999772539
-1998835997
-1998503667
-1997946525
-1997910944
-1997619362
-1996394921
-1996227370
-1995850660
-1995361081
-1992594244
-1992521164
-1991756781
-1991499637
-1990500234
-1990350562
-1989433522
-1989432275
-1989218905
-1988477966
-1988469972
-1987632698
-1986960173
-1986744598
-1985602132
-1985476781
-1985046578
-1983873265
-1982813788
-1981996956
-1981303419
-1981113854
-1980791007
-1980199575
-1979947027
-1978985765
-1977397293
-1977276055
-1976882837
-1975273049
-1974257828
-1973668793
-1972751605
-1972438551
-1972351014
-1972052052
-1971715348
-1970971923
-1969318932
-1969283497
-1967870779
-1967783561
-1965422819
-1964182972
-1963862649
-1963145124
-1962030729
-1961985236
-1961940038
-1961394253
-1961091933
-1960793863
-1959943044
-1959144122
-1959099114
-1958163356
-1957529154
-1956604123
-1954713757
-1954151882
-1953950383
-1952492818
-1951682096
-1951563856
-1951381262
-1951319130
-1951063194
-1950812492
-1950326017
-1950094253
-1950057066
-1949752537
-1949141845
-1948226850
-1947811934
-1947726166
-1947213365
-1947121303
-1945677995
-1945496720
-1944854425
-1944800355
-1944444860
-1943721331
-1942212881
-1941420836
-1941319140
-1940931220
-1939950528
-1939319977
-1938393722
-1937190408
-1936136316
-1935573920
-1934881948
-1934380881
-1933928931
-1933743821
-1933669823
-1933500658
-1933384040
-1933213280
-1933186524
-1932788486
-1932700662
-1932531256
-1931966183
-1931756242
-1931044243
-1930998200
-1930422326
-1929380163
-1929097744
-1927562834
-1927513683
-1927468778
-1927111224
-1926963066
-1926617885
-1926008237
-1925501521
-1925036766
-1924954825
-1923858897
-1922527772
-1922119498
-1922109545
-1919806855
-1919050116
-1918233989
-1917684429
-1917360399
-1917060868
-1917017332
-1916801175
-1914724885
-1914174989
-1913967513
-1913884804
-1913412540
-1913236938
-1911891705
-1911357664
-1910874322
-1910799660
-1910179968
-1909667671
-1909617758
-1909541276
-1909449927
-1908324174
-1908253110
-1908067826
-1907625094
-1907476383
-1907203828
-1907053487
-1906721907
-1906238343
-1905383850
-1904606736
-1903942258
-1902969239
-1902168179
-1902015946
-1901772941
-1901722681
-1899814505
-1899534817
-1899043159
-1898042164
-1898030729
-1897436847
-1897420645
-1896745621
-1895965862
-1895574510
-1894031358
-1893298119
-1891950454
-1889160883
-1889009164
-1888822265
-1888776480
-1887925287
-1887411545
-1886193386
-1885213323
-1885211463
-1884805884
-1884765974
-1884638580
-1884076051
-1883430654
-1882413127
-1882055514
-1881767679
-1881680104
-1880502128
-1879941437
-1877854469
-1877706133
-1877650420
-1877419298
-1877363785
-1877310595
-1875709952
-1875584576
-1873893121
-1873848085
-1873747624
-1873682665
-1871762392
-1871058682
-1870763046
-1870674646
-1870075857
-1869914747
-1868875271
-1868810546
-1867883868
-1867573304
-1867516586
-1866467645
-1865589499
-1865560021
-1865258771
-1864478381
-1863871390
-1863507351
-1863475502
-1863044083
-1862766611
-1862386922
-1862133219
-1860824840
-1860821161
-1860639489
-1860119076
-1859801831
-1859422243
-1858781334
-1857568181
-1857421587
-1856683946
-1856532704
-1856426629
-1855135050
-1854187721
-1853733792
-1853622129
-1853398399
-1852944346
-1852916457
-1852834712
-1852556941
-1852411569
-1852323650
-1850597367
-1850466181
-1849496629
-1849363735
-1848238982
-1847509260
-1846754415
-1846330839
-1845466547
-1844399748
-1844342918
-1843699197
-1843519201
-1842536631
-1842512894
-1841583134
-1840869935
-1840038591
-1839967829
-1839900890
-1839067692
-1838744113
-1838688490
-1836803446
-1836559009
-1835708147
-1835208927
-1835161668
-1835112398
-1834141265
-1832611768
-1832588896
-1832271686
-1832221866
-1831896411
-1831289795
-1831269499
-1831190928
-1830903610
-1830137902
-1829568691
-1829550835
-1829410561
-1829040536
-1828609705
-1827876662
-1827846800
-1827129950
-1826204582
-1824418536
-1824231608
-1824186194
-1824115102
-1824113233
-1823870822
-1823706291
-1822180978
-1821991732
-1820254799
-1819919217
-1819577328
-1819519695
-1819255666
-1819041484
-1818238838
-1818034482
-1818025879
-1817527682
-1816722375
-1815806383
-1814987841
-1812386212
-1811800664
-1811681082
-1811584348
-1811298010
-1811021771
-1809489719
-1809145801
-1807767098
-1807423178
-1807294017
-1806806384
-1806004820
-1805462267
-1805133217
-1805051700
-1803919842
-1803822488
-1803662540
-1803495973
-1802804665
-1801855087
-1801329082
-1801207137
-1798244965
-1797486329
-1797305159
-1796951056
-1796627610
-1795388022
-1794448608
-1794353682
-1794010723
-1793656052
-1792816622
-1792465840
-1792189178
-1791584394
-1791542201
-1791099442
-1790882386
-1789750402
-1789127521
-1788846950
-1788824338
-1788718496
-1787342922
-1787274861
-1787008643
-1786126378
-1785310788
-1785101012
-1785030333
-1785013374
-1784599040
-1784553935
-1784400485
-1784037676
-1784005156
-1783386345
-1783271268
-1783035865
-1782688230
-1781952889
-1781718491
-1780018293
-1779847919
-1779787179
-1779536008
-1779444872
-1779330549
-1778974453
-1778618628
-1777983941
-1777892177
-1777215635
-1777080043
-1776965675
-1776498061
-1776180556
-1775544873
-1775173030
-1774356036
-1773578516
-1773293536
-1773221564
-1772913134
-1772774062
-1771867018
-1771844989
-1771399009
-1770584057
-1770556587
-1770108300
-1770003900
-1769953331
-1769728654
-1768415890
-1768325518
-1767905874
-1767219717
-1766412884
-1766002792
-1765272132
-1763573789
-1763464717
-1763167890
-1762536562
-1761243351
-1761161637
-1760579921
-1760211008
-1760192352
-1759917278
-1759915671
-1759038033
-1758969354
-1758530462
-1756986284
-1756559124
-1756515094
-1756444110
-1756011109
-1755542398
-1755538008
-1755228373
-1755197486
-1755090991
-1754719726
-1754382556
-1754344866
-1754325764
-1751386688
-1750982333
-1750180420
-1748866125
-1748553751
-1747330230
-1746291146
-1745564518
-1745389420
-1743917857
-1743264730
-1742936134
-1742356752
-1741266142
-1741228926
-1740762912
-1739735035
-1739417735
-1739300014
-1738601556
-1738524616
-1738500724
-1738133733
-1737310271
-1736927955
-1736794387
-1736107374
-1735573081
-1734983820
-1734258798
-1733622634
-1731241459
-1731087520
-1729283793
-1729218837
-1728390144
-1727614195
-1727353356
-1726724701
-1726355006
-1726202844
-1726177224
-1725231436
-1724971345
-1722350310
-1722200850
-1720529411
-1718825415
-1716621437
-1716589409
-1716401921
-1715452240
-1715290266
-1715142103
-1714684414
-1714387532
-1714246594
-1713816509
-1713277237
-1713226731
-1712995159
-1712557445
-1711696230
-1711631025
-1711597751
-1711501271
-1710770883
-1710375165
-1708874932
-1708356592
-1707978915
-1706832888
-1706020136
-1704858203
-1704284626
-1703129569
-1703116999
-1703009547
-1702785442
-1702724995
-1702547563
-1701186291
-1700768688
-1698362116
-1698052607
-1695859671
-1695345702
-1694120380
-1693379270
-1693289697
-1693007044
-1692967933
-1692839770
-1692721390
-1692622408
-1692198998
-1691920938
-1691734425
-1691428573
-1691047137
-1690862484
-1690209127
-1689951679
-1688657448
-1688525950
-1687840033
-1687586253
-1686002426
-1685788172
-1685411538
-1685206767
-1685106048
-1684998864
-1684472254
-1683845298
-1683821180
-1683598244
-1681944942
-1681582638
-1681088631
-1679033959
-1678038194
-1677986309
-1676767081
-1676356190
-1675519950
-1675318181
-1674872915
-1674598103
-1674565821
-1674302921
-1673866035
-1673865694
-1673423428
-1672286945
-1672264654
-1672039145
-1671253439
-1671092238
-1670959403
-1670111726
-1669966826
-1669555446
-1669481184
-1668855359
-1668659635
-1668629342
-1667870915
-1667431112
-1667130501
-1666082791
-1666066739
-1664547071
-1662800513
-1661319475
-1661233251
-1661201091
-1661133866
-1661099244
-1659781159
-1659476663
-1658663750
-1658142994
-1657444494
-1656959271
-1656599052
-1655541515
-1654439301
-1652816741
-1652393648
-1652250763
-1652193439
-1651842115
-1651003459
-1650138398
-1650076632
-1649331152
-1649090767
-1649002648
-1648738090
-1648656660
-1647822787
-1646556897
-1645700755
-1645159538
-1643379473
-1643328992
-1643101269
-1642898302
-1641401596
-1640921447
-1640651884
-1639805589
-1638828710
-1638591183
-1637505314
-1637422863
-1636639372
-1635908036
-1635790786
-1635412548
-1633834473
-1633775838
-1633391189
-1633290882
-1633072422
-1632367675
-1632247011
-1631665248
-1631340277
-1631286799
-1628951581
-1628639025
-1628223853
-1627910333
-1627606993
-1626218762
-1625346714
-1624753699
-1624663169
-1624514059
-1624343012
-1624007357
-1623619618
-1621212701
-1621018676
-1620890293
-1620304846
-1619630293
-1619615978
-1618350436
-1618255537
-1618003822
-1617398045
-1616068711
-1615826616
-1615782146
-1614170279
-1613981524
-1613636364
-1612657080
-1612437733
-1611477169
-1608939399
-1608918776
-1608726739
-1607979593
-1607416420
-1607319672
-1606668767
-1605608312
-1605376023
-1605222742
-1604215385
-1604164941
-1603190713
-1603146689
-1602463109
-1600276619
-1599934545
-1596892669
-1595791238
-1595627409
-1593511810
-1592941249
-1592441808
-1591691987
-1590532971
-1590452289
-1588806617
-1588781947
-1588525756
-1588199456
-1585860557
-1585208546
-1584589293
-1584521935
-1583593581
-1583017645
-1582990054
-1581721368
-1581572362
-1581463101
-1581278651
-1579733995
-1579687697
-1579662112
-1579504447
-1579380333
-1578973956
-1578402043
-1578223945
-1578220431
-1577438460
-1575979722
-1575809580
-1574767863
-1574753299
-1574711175
-1574474500
-1573428918
-1571562072
-1571312834
-1570020736
-1569978515
-1569382399
-1569128844
-1569047275
-1569038273
-1567196103
-1566290996
-1566068236
-1565672494
-1565414900
-1564968836
-1564346172
-1564248782
-1564011684
-1563211497
-1563161544
-1562549352
-1562545421
-1562205150
-1562099563
-1561419441
-1560665819
-1559144223
-1558744933
-1558620065
-1558458571
-1557594736
-1556803224
-1555782807
-1555524716
-1555442704
-1555172005
-1555072975
-1554856959
-1554121271
-1553937928
-1553391653
-1552109887
-1551168816
-1550956800
-1550570586
-1550556451
-1550369127
-1548060002
-1547876493
-1547495970
-1547150815
-1545785992
-1545627210
-1545575539
-1545232594
-1544920761
-1544509820
-1544125195
-1543909273
-1543863043
-1543631484
-1542757796
-1542551228
-1542458534
-1542009335
-1541387860
-1541119050
-1540822946
-1540818842
-1540138698
-1540054388
-1539649392
-1539542638
-1538515097
-1538270118
-1537526228
-1537337908
-1537287229
-1536985943
-1536475712
-1536282921
-1536030776
-1535807365
-1535133711
-1535058324
-1533832136
-1533174433
-1532617906
-1532027734
-1531787691
-1531303694
-1531151360
-1530509050
-1529490757
-1529081495
-1529047309
-1528170775
-1526915281
-1524761392
-1523850398
-1522719881
-1522082417
-1521467182
-1521443375
-1521170249
-1520200606
-1518938308
-1518710678
-1518358220
-1517749108
-1517397549
-1515524644
-1515455419
-1515240082
-1514561538
-1513950853
-1513047029
-1512575964
-1512170075
-1511639906
-1511049827
-1510786878
-1510270314
-1509755712
-1509632501
-1508808479
-1508606257
-1508606115
-1507305742
-1507258094
-1506982973
-1506053049
-1505067816
-1504822265
-1504520835
-1504225597
-1503864969
-1502768027
-1501822685
-1501721611
-1501471408
-1501295433
-1500989052
-1499825611
-1499436330
-1499198570
-1498619423
-1498416246
-1497931914
-1497824864
-1497798986
-1497727425
-1497529937
-1497374804
-1497162935
-1496138817
-1495924029
-1495759909
-1494667164
-1493923365
-1493796541
-1493307631
-1493241935
-1493072865
-1492660198
-1490936815
-1490296087
-1489522858
-1489383299
-1488968538
-1488742739
-1488159565
-1487862317
-1487118083
-1486648712
-1486360682
-1486300823
-1486088851
-1485654606
-1484858960
-1484252532
-1484246810
-1484138497
-1483337579
-1483054572
-1482509233
-1482196585
-1482100323
-1481747998
-1480776711
-1480296753
-1479517357
-1478254382
-1478183380
-1478041662
-1477765947
-1477473638
-1476713707
-1475611905
-1475460481
-1475421467
-1475107872
-1474488063
-1474176159
-1473468318
-1472766090
-1470858451
-1470461619
-1470023163
-1469298070
-1469039232
-1468388080
-1466523173
-1466424988
-1466242648
-1465489047
-1464846167
-1463427759
-1462459344
-1462231888
-1461591670
-1461249056
-1460988487
-1460856504
-1460318742
-1459827370
-1459255644
-1457955304
-1457672976
-1457024777
-1457000112
-1456261967
-1456029709
-1454675611
-1453438136
-1452256376
-1452040610
-1451840723
-1450487528
-1449318608
-1449216826
-1449100342
-1448752666
-1448740583
-1448182689
-1446835868
-1446742139
-1446658328
-1444181202
-1444118058
-1442777214
-1442200411
-1441227615
-1440602929
-1440283942
-1440176088
-1440069500
-1439910280
-1438994028
-1438904696
-1438529058
-1438043308
-1437905513
-1437734591
-1434896325
-1434611159
-1434394644
-1434284078
-1434278780
-1431744832
-1431400282
-1431277483
-1430475521
-1430422464
-1430247905
-1430241487
-1429355153
-1427364027
-1426351315
-1424869980
-1423682194
-1423146805
-1423060993
-1422935123
-1422509260
-1422249684
-1422190117
-1422011108
-1421910779
-1421829160
-1421096878
-1420766733
-1420211928
-1419370100
-1419287359
-1419231456
-1419094134
-1418578811
-1418379375
-1418227903
-1417484602
-1417221407
-1415951383
-1415463780
-1414909128
-1414795059
-1414777772
-1414777487
-1414473539
-1413432733
-1412314167
-1411740561
-1411736710
-1411670137
-1411552849
-1410860151
-1410120414
-1410075521
-1409989499
-1409932949
-1408965899
-1408885885
-1408190920
-1407535259
-1406717675
-1406641139
-1406300936
-1404924219
-1404655361
-1404620061
-1403718119
-1403474437
-1403164634
-1402983969
-1402711442
-1401820683
-1400722236
-1400398560
-1400082465
-1398622955
-1398092379
-1397832081
-1397766369
-1397267219
-1396239170
-1393337317
-1393117584
-1391122792
-1390645435
-1390070123
-1388855356
-1388475310
-1387865902
-1386253184
-1386111918
-1385478455
-1385333235
-1385068994
-1384857432
-1384606700
-1384001714
-1383670735
-1383225355
-1382439513
-1381800198
-1380206301
-1378519715
-1378366722
-1378337932
-1377921102
-1377526203
-1377134233
-1376654402
-1376464650
-1376450958
-1375056305
-1374978215
-1374813576
-1374401647
-1373929398
-1373865584
-1373649436
-1372397901
-1372346925
-1371795951
-1370997845
-1370766593
-1370705225
-1370452686
-1369990613
-1369947344
-1369124396
-1368844364
-1368620696
-1368368215
-1368329565
-1368210735
-1367920983
-1367647265
-1364970099
-1364137447
-1363443376
-1363387734
-1363296388
-1362927434
-1362866724
-1362807546
-1362529068
-1360595726
-1360565357
-1360479120
-1359822498
-1359419341
-1359032259
-1358687573
-1358253402
-1357568744
-1356823191
-1356535651
-1356522169
-1356366221
-1356062211
-1355979418
-1355927108
-1355880843
-1355696803
-1354571885
-1352097030
-1351882203
-1351688435
-1351344834
-1351180682
-1349966370
-1349964487
-1349740694
-1349476568
-1348972292
-1348366022
-1347925263
-1347887217
-1346326101
-1345843321
-1345516631
-1345222923
-1344745010
-1344005727
-1343430974
-1343427867
-1343083011
-1343063213
-1341975249
-1341796865
-1341456887
-1341376769
-1341136234
-1340601869
-1340508834
-1340089154
-1340034482
-1339932215
-1339626390
-1338968289
-1338202248
-1337772860
-1337026208
-1336493410
-1335381239
-1334603958
-1334568500
-1334242273
-1333636312
-1333200975
-1332812036
-1332528888
-1332489882
-1330703127
-1329937215
-1329523263
-1329076451
-1328762689
-1328469674
-1328139643
-1328116806
-1327786990
-1326698964
-1326000153
-1325732824
-1323659657
-1323012996
-1322963882
-1322803391
-1322013659
-1321488007
-1320567837
-1319887540
-1319619155
-1319547359
-1319364568
-1318721770
-1318371501
-1318361584
-1318180947
-1318169826
-1317484954
-1317062028
-1316506596
-1315956059
-1315545550
-1315459146
-1315379481
-1312180599
-1311006219
-1310763269
-1310759371
-1310209629
-1310016403
-1308898267
-1308374254
-1307886880
-1307713477
-1307659566
-1307455252
-1307052646
-1306871759
-1305877954
-1305818215
-1305462501
-1305376595
-1305319526
-1304664361
-1304634074
-1304407919
-1304001244
-1303269382
-1303027903
-1301795816
-1301289640
-1300823014
-1300368019
-1300287810
-1300150858
-1300042747
-1298409871
-1296104687
-1295829747
-1295160573
-1294228666
-1293979300
-1293798679
-1293491218
-1293461712
-1292918822
-1292500771
-1292333361
-1291888977
-1291783535
-1291264595
-1288751559
-1288215810
-1286700257
-1284335956
-1283499611
-1282505427
-1281260390
-1280316215
-1279783441
-1279621929
-1278338309
-1278196828
-1277878635
-1277848589
-1277696353
-1276879103
-1276506797
-1276219746
-1275489120
-1275296992
-1274862409
-1273985955
-1273523651
-1273458942
-1272899085
-1270812471
-1270720746
-1269427024
-1269247589
-1269112854
-1268841353
-1268031495
-1266279532
-1266175885
-1265394192
-1264762340
-1264097119
-1263486591
-1262948602
-1262932591
-1262628040
-1261228602
-1260801016
-1260624231
-1260402554
-1259816212
-1258981787
-1258943765
-1258849587
-1258675632
-1256907556
-1256416308
-1255725682
-1255624819
-1255591006
-1253604555
-1253418988
-1252882785
-1250949407
-1250199248
-1250181728
-1249599550
-1247997204
-1247401438
-1247252526
-1246951865
-1246105016
-1244852270
-1244728759
-1244412885
-1243889219
-1243820484
-1243654596
-1243452675
-1243080148
-1241928338
-1241888939
-1241864771
-1241467071
-1241048708
-1240663087
-1240015804
-1239558035
-1238664276
-1237131333
-1236612884
-1236444769
-1236318131
-1235848778
-1235550394
-1235501548
-1234939998
-1233913320
-1233855121
-1233712948
-1232898717
-1232725829
-1232264175
-1231778164
-1230781829
-1230597560
-1229181006
-1229008243
-1227535742
-1227387314
-1227135224
-1226979448
-1226275373
-1225864703
-1225679041
-1225415392
-1225368746
-1225099763
-1224605099
-1224375700
-1224151692
-1223901321
-1222786603
-1222145457
-1222143675
-1221640622
-1221344927
-1220914512
-1220839627
-1219645715
-1219570271
-1219294602
-1219066790
-1218917431
-1218634916
-1218616460
-1218495589
-1218386773
-1217283714
-1216599388
-1215814554
-1214761128
-1214085982
-1213383238
-1213186888
-1212730453
-1212235686
-1211334439
-1210596624
-1210187630
-1210151073
-1208720042
-1206869159
-1206685014
-1205819440
-1204922012
-1204716381
-1204460456
-1203528950
-1202272553
-1202062857
-1201565253
-1201170237
-1200798902
-1199864294
-1198312004
-1197771728
-1195188908
-1194991691
-1194355300
-1193832465
-1192848505
-1192668172
-1192020434
-1191698522
-1191579156
-1190906171
-1190431863
-1190018701
-1189897559
-1189182424
-1189021742
-1189013657
-1188502757
-1188026251
-1187683104
-1187424872
-1186607487
-1186280725
-1186196203
-1185497717
-1185378119
-1185218584
-1184413362
-1184347117
-1183345214
-1182818789
-1182440019
-1182202028
-1182100217
-1181884336
-1181055952
-1180732395
-1180691312
-1180590821
-1179578985
-1179151292
-1179084262
-1178363203
-1177792585
-1177570378
-1177454261
-1177393289
-1176071451
-1175519146
-1175442267
-1174462524
-1174427787
-1174312248
-1174108690
-1172590970
-1172298365
-1171810536
-1170143994
-1169972540
-1168887726
-1168390281
-1166211825
-1165499346
-1165476451
-1165402158
-1165080065
-1164368824
-1164150098
-1163938924
-1163938905
-1163576775
-1163064016
-1161547704
-1160758225
-1160445725
-1158033292
-1157790512
-1157730507
-1156402266
-1155681091
-1154926906
-1154008721
-1153722014
-1153483595
-1153292106
-1153118460
-1153094009
-1153038499
-1152004463
-1151216223
-1150410646
-1149167049
-1146501196
-1146224923
-1146095553
-1145917352
-1144579386
-1144164565
-1144114778
-1143646614
-1143486029
-1142597197
-1142572297
-1142484002
-1142188025
-1142181782
-1141551173
-1140944606
-1140812706
-1140193272
-1139765352
-1139301294
-1139158243
-1139122773
-1138849536
-1138184120
-1137545103
-1137322580
-1137220935
-1136010426
-1135500214
-1134793784
-1134548914
-1133292245
-1132858974
-1132527312
-1132145483
-1131613135
-1131581690
-1131058845
-1130403943
-1128821273
-1128746987
-1128697502
-1128622077
-1128081783
-1126747195
-1126458828
-1126401397
-1126386745
-1126083708
-1125779311
-1125593924
-1125561878
-1125541963
-1123006755
-1122721646
-1122085835
-1122010857
-1121515410
-1119196399
-1118348014
-1117482794
-1117264835
-1116276044
-1116182691
-1115187842
-1114571908
-1114549085
-1111815082
-1111676510
-1111503713
-1110723245
-1110254272
-1110222415
-1109799730
-1109052999
-1108994755
-1108533590
-1107405273
-1106865621
-1105325507
-1104166513
-1103797215
-1103297900
-1101518039
-1101346450
-1101140830
-1099891794
-1099478714
-1098662423
-1098500762
-1097460878
-1096611887
-1096341932
-1096330358
-1096228115
-1096152006
-1095846982
-1095835839
-1095378063
-1094988923
-1094718250
-1094235124
-1094079358
-1093903480
-1093418118
-1093253708
-1093240956
-1092876195
-1092756634
-1092341462
-1091763610
-1091606188
-1090143313
-1089525505
-1089396935
-1089015963
-1088894953
-1088462456
-1087632942
-1087025073
-1086823014
-1085488272
-1085155273
-1085132997
-1084927739
-1084224898
-1083968067
-1083026305
-1082219467
-1082073250
-1080850458
-1080304154
-1080209692
-1079659711
-1079499836
-1079267983
-1078549398
-1078288371
-1078238519
-1077623985
-1077426309
-1076557370
-1076245341
-1075850570
-1075331119
-1074708876
-1073991198
-1073406581
-1073261962
-1072966686
-1072633241
-1072567287
-1071150030
-1070253627
-1070008819
-1069201345
-1069026296
-1068970228
-1068509115
-1068183337
-1067622423
-1067504604
-1066149829
-1065869120
-1064530934
-1064486697
-1064032374
-1063517319
-1062992412
-1062984232
-1062972440
-1062255042
-1061751410
-1060434707
-1060291015
-1060068817
-1060062020
-1059344023
-1059209602
-1058701536
-1058622478
-1058496508
-1058324638
-1055072269
-1054588214
-1053293722
-1053081626
-1052850471
-1052698427
-1052231767
-1051994494
-1051804867
-1051691778
-1050610451
-1045407781
-1043693262
-1041135095
-1040485610
-1040279591
-1039958926
-1039656440
-1038240813
-1038218488
-1037863751
-1037728321
-1037649054
-1037600303
-1037401273
-1037165908
-1036886040
-1036474372
-1036408008
-1035811137
-1035302114
-1035258029
-1034879352
-1034863911
-1034095704
-1033622902
-1033480057
-1031948134
-1031702667
-1031698967
-1030529282
-1029167165
-1029147075
-1028582158
-1028522023
-1028515517
-1026947808
-1026922035
-1026797542
-1025713346
-1024843062
-1023722256
-1023696156
-1022846210
-1022722694
-1022583277
-1021791104
-1018891292
-1018637518
-1017987802
-1016921506
-1016912099
-1016667673
-1014989157
-1014717709
-1014175793
-1013722796
-1013432441
-1013132103
-1013002884
-1012106734
-1012057892
-1011452233
-1010978582
-1010899785
-1010202339
-1008270054
-1008047005
-1007673200
-1006974512
-1005964950
-1005758474
-1004306364
-1004239811
-1004071431
-1003192026
-1003182981
-1002366797
-1002227205
-1002221447
-1001641798
-1001638330
-1001427231
-1001337483
-1000720779
-1000535603
-999652965
-998736420
-998381210
-998335387
-997403610
-997363620
-996983666
-995370049
-995072274
-995019962
-993580434
-993397103
-992618231
-992519834
-992122299
-991704740
-990770085
-990212484
-990161909
-990096113
-989383355
-988602087
-988384754
-987884426
-987478770
-986279179
-985961235
-985590583
-985502261
-985190254
-984128045
-983286768
-983224836
-982924479
-982865263
-982591699
-981978741
-980626627
-980206527
-978915625
-978054349
-977514001
-977203117
-976083771
-975482586
-975290396
-974864012
-974603134
-974540084
-974292004
-974143367
-973308356
-972726851
-971814779
-971302927
-970359006
-969576693
-969019378
-968510462
-968421639
-967829829
-967617199
-967403258
-966900522
-966858156
-965995409
-964098658
-963744626
-963733305
-963667406
-963626698
-963507501
-963453537
-963269748
-963119756
-963039796
-962742009
-962582410
-962051526
-961976840
-961339346
-960864545
-960749533
-959563620
-958502859
-958412791
-957871489
-957563748
-955986388
-955605063
-955511433
-954865046
-954023618
-953625543
-952966150
-951969755
-951573147
-951476994
-951378316
-951296046
-951270296
-949893159
-949734035
-949566463
-947400757
-946099607
-946005969
-945778328
-945678968
-945526943
-944841913
-944533747
-943862416
-943488965
-942795727
-942703789
-942221751
-942177127
-941649056
-941360757
-941028522
-940382637
-940263083
-939643790
-939110779
-938997759
-938604525
-936705076
-936679964
-935745185
-935368852
-935368107
-933525396
-933474027
-932999309
-932818879
-932759132
-932422568
-932385828
-930187620
-929134249
-928724817
-928405829
-927327115
-927101831
-925510460
-924296501
-924113733
-923897857
-923588828
-922210751
-922207577
-921321337
-919598634
-919213281
-916683970
-916078055
-915855823
-915781716
-915609642
-914679241
-913810784
-913252829
-912647614
-912539759
-912125910
-912122242
-912061309
-911084078
-910339017
-909581892
-908235057
-907962837
-907288880
-906723990
-905802240
-905194178
-903663138
-903556876
-901870151
-900265061
-900185029
-899911696
-899342202
-899277734
-898610774
-897580558
-897017838
-896761517
-896433604
-896261841
-895950991
-895413842
-895233117
-894975863
-894908627
-894140219
-893915591
-893253377
-892020317
-891183175
-890854882
-890728917
-890208690
-887943027
-887237762
-887226635
-887070905
-886637887
-885857734
-885845381
-885406717
-884293725
-883246345
-882811618
-882091036
-881463382
-881196557
-879444251
-879149149
-878916460
-878720860
-878656411
-877857502
-877697544
-877444332
-875667650
-872531353
-872055301
-871873572
-870882853
-869881408
-869835073
-869769270
-868334277
-868141414
-867869713
-866765869
-865859358
-865855271
-865728431
-865726786
-865552565
-865528808
-863520332
-863479174
-863450962
-862569186
-862472425
-862153470
-859812278
-858933385
-858513427
-858054844
-857651363
-857510001
-856509006
-856475492
-856062816
-855706071
-855600459
-855215121
-854944677
-853820239
-853564982
-853434444
-853207448
-852600039
-852385506
-851280502
-851256861
-850535949
-850489416
-850479456
-850258871
-850200220
-849872283
-849815108
-848615428
-848294091
-847830253
-847712556
-846978502
-846616497
-846539137
-846351546
-846100793
-845138093
-844322945
-843499327
-841473930
-841380869
-841346615
-841220442
-840736753
-840519937
-839677993
-839406961
-839057652
-838360500
-837520218
-836503481
-836277774
-835941860
-835780481
-835303765
-835059476
-834541936
-833244400
-833240229
-833229470
-833151074
-832412898
-831999030
-831808054
-828773170
-828713502
-827600044
-827198975
-826641267
-825753222
-825340236
-825147154
-825086313
-824315562
-824276443
-823151377
-822637437
-821568246
-821411834
-821001965
-820578491
-819802097
-819762205
-819709137
-819319850
-819204420
-818683957
-817831038
-817591817
-817250411
-816431692
-816058077
-815292633
-815084281
-815050439
-814993367
-814583549
-813975612
-813465148
-813140412
-812178618
-812072177
-811871435
-811693084
-811593263
-811073032
-810044858
-809512818
-809450390
-809286900
-809038289
-808871450
-807906354
-807282040
-806907291
-806322959
-805694378
-805386862
-803456359
-802958489
-802871414
-802570417
-802555085
-802188048
-801173103
-801133340
-800528826
-800294038
-800280453
-799728293
-798215887
-798099728
-798033204
-796476117
-796434259
-795297518
-794426034
-794109957
-794025995
-793895838
-793203460
-792610206
-792164991
-791034106
-790771823
-790553270
-789730958
-789614179
-788733407
-787139489
-787012227
-786885497
-786006121
-785846669
-785831912
-784356181
-782861957
-782663022
-782485004
-781916610
-781756185
-781238247
-781063504
-780151943
-779974685
-779718122
-779278081
-779046139
-778788125
-778505316
-778399956
-778170377
-776638059
-776612190
-776097940
-774823483
-774339276
-773971067
-773538536
-771959925
-771601431
-771233578
-769759800
-769555835
-768904958
-768698962
-768274507
-768062742
-768034644
-767844545
-767315175
-766049548
-765322355
-764188757
-763266552
-762177588
-761183627
-760929006
-760893320
-760839476
-760218979
-759067549
-758962071
-758848076
-758381002
-757611415
-757606174
-757447930
-756662132
-756599334
-755911878
-755878378
-755753229
-755717078
-755712849
-755253688
-754763176
-754159263
-753821543
-753336580
-752573483
-752275260
-751905440
-751015200
-750872093
-750134362
-748836617
-748740917
-748678209
-748639450
-748139159
-747123241
-746221728
-745861786
-745759253
-745432890
-744594185
-744365929
-743714742
-743235852
-742807409
-742490327
-742043755
-740799749
-740517416
-740453437
-739776066
-738551259
-738476050
-738304691
-736936143
-736931071
-736591581
-734788411
-734561884
-734505695
-734317701
-733959673
-732880934
-731903682
-731756396
-731620547
-731488300
-731286012
-731155514
-730356399
-729381068
-728664588
-728395100
-727360072
-726675468
-725345359
-725180469
-724715418
-724494627
-723373253
-723292356
-723239982
-723223115
-723197582
-722473677
-721606891
-721299688
-720768972
-720153231
-718498973
-716867186
-716427139
-716422332
-715876977
-714785770
-714649183
-714462402
-713804656
-713249210
-712789232
-712422779
-711139194
-710554644
-710215852
-708853029
-708730775
-707885282
-707815960
-707550653
-707108887
-706951019
-706872300
-706430264
-705667197
-705521889
-705141003
-703913200
-703860519
-703825490
-703625044
-703498149
-702675537
-702465909
-701683991
-701089623
-701048350
-700092388
-699331790
-699154441
-698501361
-696700444
-696138076
-695386877
-695274072
-694996677
-694615964
-694152508
-693602775
-693220149
-693072135
-692719423
-691296035
-691142122
-690203432
-689475228
-688781078
-688599284
-688532059
-687774574
-686678415
-686543910
-686363807
-685869637
-685491271
-685395557
-685390419
-684913463
-684907790
-684341851
-684067286
-683780444
-683231076
-682822203
-682760982
-681844325
-681693207
-680928764
-679783435
-678924862
-678101191
-677295707
-675886171
-675789961
-675623160
-674363213
-674345469
-673936284
-672322340
-672109967
-671828009
-671057896
-671050089
-668809948
-668442062
-668369745
-667776004
-667598116
-667127838
-666705719
-666337405
-666283538
-666149701
-665839572
-665356836
-664854618
-664359555
-663871714
-663445890
-663027905
-661459443
-661332984
-661168573
-661104555
-660819494
-660389558
-659271541
-658836001
-657114909
-656016604
-655793188
-655710492
-654768106
-652838480
-652345826
-652319552
-651364503
-650009694
-649321411
-649004944
-648973274
-648725835
-648630699
-646788668
-646729496
-646627841
-645304625
-644871387
-644553790
-644472991
-644217091
-643956880
-643780346
-643779476
-643713082
-643618536
-643516461
-643456886
-643254289
-643048374
-642849686
-642111728
-641722085
-641683551
-641205701
-641153431
-640866630
-640440144
-639223568
-638365440
-636833355
-635953708
-635191096
-634928344
-634243107
-633629536
-632032322
-631917778
-631695468
-631349312
-630554025
-629903390
-627945997
-627723039
-627702468
-627619830
-627374187
-625608556
-624891846
-624719503
-623997263
-623197166
-623147825
-623081185
-622682182
-619950443
-619651952
-619235455
-618303198
-617142827
-616539879
-616240291
-616101528
-616050836
-615919827
-615916330
-615500284
-615417006
-615406228
-613800017
-612844273
-611560128
-611394886
-610405771
-610118733
-609825087
-608016480
-607454747
-606784509
-606341026
-605429942
-605020127
-602892503
-602621505
-602057918
-601998833
-601800830
-601634879
-601465408
-600703937
-600162112
-598249054
-597457441
-597362297
-597072756
-596546597
-595518965
-594541952
-593873558
-593605335
-592734198
-592498032
-592315658
-592027113
-591251841
-591001880
-590054297
-589810403
-589790952
-588095845
-587938035
-587469330
-587210825
-587097520
-586311262
-586262842
-585969601
-585795211
-585747698
-585181793
-584315894
-582767127
-581522155
-580605806
-580522545
-580309562
-579940429
-579658831
-579440826
-579014703
-578197282
-578028889
-577998989
-577209992
-576690593
-575742562
-575717207
-574964442
-574587379
-574230672
-572588262
-570945810
-569787385
-568936417
-568932558
-568503315
-567432713
-565605126
-565329147
-565202833
-565177161
-564636883
-564513264
-564502031
-564297150
-563555036
-563364277
-563274892
-561755271
-561242977
-560942007
-560717774
-559686968
-559457731
-558369789
-557807564
-557629723
-557424792
-557378447
-556700241
-555550857
-555372936
-553940110
-553741966
-553725660
-551451010
-551244577
-550728832
-549798702
-549521673
-549234473
-548895764
-548857900
-548800739
-548480236
-547941667
-547082439
-546522803
-546291489
-546284857
-545766113
-545745112
-545210850
-545056239
-544310902
-542532081
-541297014
-541079858
-541065889
-540524935
-539230429
-538046794
-537780808
-536615346
-536601123
-536354685
-535860068
-535623505
-535273283
-535078184
-534693503
-534150317
-533917039
-533554392
-533000005
-532410554
-532266315
-532032296
-531925169
-531644184
-530885348
-530657246
-530479909
-529876539
-528304228
-527908185
-527394669
-526443333
-525564043
-524605917
-524329394
-523825138
-523643348
-522924624
-521650074
-520893686
-520608381
-520024172
-519860606
-519417061
-519053820
-517703122
-517363867
-516580648
-515945951
-515708462
-515606982
-515369970
-515158259
-515130950
-515058483
-514473727
-513813919
-513719574
-513429318
-512984414
-512212801
-511848587
-511027599
-510700338
-510603589
-509695033
-509379467
-509268603
-509228477
-507605578
-507578371
-507415694
-507091428
-506937030
-506814547
-506661827
-506649428
-505962323
-505598741
-505430056
-504987111
-504200398
-503307026
-503259418
-501480951
-500983891
-500849102
-500610590
-500556670
-500336898
-499911129
-499654975
-499220550
-498609047
-498134683
-497956802
-497543914
-496904511
-496550176
-494954250
-493271189
-493110618
-492685556
-492231236
-491052100
-490412523
-490335727
-489878915
-489045873
-488729533
-488707667
-488683313
-488522537
-488443490
-488174997
-487842011
-487804032
-487545752
-486489544
-485721693
-485581103
-485240562
-484458108
-481201029
-480880987
-480519698
-480506741
-479755585
-479688468
-479683108
-479595581
-479368371
-478872772
-478855838
-478745059
-478378614
-478021520
-477639266
-477577058
-475308570
-475114451
-474285130
-474096456
-474062944
-473843568
-473129078
-473031507
-472306993
-471784060
-471070484
-471059455
-471044649
-470278291
-470243363
-470198973
-470155428
-468483740
-467807963
-467529796
-466995634
-466708172
-463286777
-463251995
-462813397
-462227506
-461186184
-460638624
-460458955
-460189193
-460027132
-459647215
-459635487
-458801650
-458164146
-456714771
-456454537
-455358922
-455350629
-455321581
-455301270
-455043254
-453922512
-453197374
-452434626
-452369723
-451358543
-450629189
-450316865
-450282176
-448962150
-448561757
-448145253
-447033582
-447003981
-446336609
-445488045
-445233199
-444293907
-444237744
-443938576
-442513889
-442352065
-440207457
-440045570
-439743962
-439700744
-439200816
-439189785
-439059794
-439045155
-438888841
-438794215
-438045615
-437622381
-436314012
-435672558
-435377394
-434454365
-434013273
-433903052
-433651036
-433035669
-432489338
-431618020
-429740917
-429257688
-428765531
-427683939
-426555257
-425685259
-425238777
-425170810
-424750066
-424694963
-424661845
-424361518
-423502516
-422837286
-422118589
-421970298
-420226879
-419378688
-419112220
-418842107
-418135148
-417195603
-416875994
-415079898
-414893779
-414818884
-412441900
-411905318
-411568735
-411177772
-410367348
-410300769
-410127899
-409627523
-409552791
-406015690
-405794107
-405620869
-404925623
-404482109
-402668379
-402289837
-402230525
-401491656
-401431594
-401186905
-400947222
-400535179
-400164109
-398152021
-398086675
-397599430
-397087346
-396296031
-395782056
-395620651
-395553245
-395279394
-394916340
-394472627
-393499257
-392731427
-392278516
-392013832
-391974455
-391403007
-390623794
-390454629
-389983324
-389829165
-389817928
-388836259
-388095122
-387242574
-386637138
-386625156
-385911580
-385662187
-385429765
-385250073
-385078429
-384824623
-384758182
-384634797
-384105827
-384004360
-383766180
-383668415
-383527811
-382908091
-382779801
-382183064
-381612731
-381451271
-381069177
-379926920
-379642281
-379149079
-379025591
-378835844
-378584346
-378386697
-378012576
-377857248
-376977813
-376412701
-376014295
-375342822
-374930229
-374447600
-374361999
-372583908
-372244617
-371309519
-370515978
-370342677
-370025683
-369095466
-368689778
-368625471
-368281037
-368129150
-368091646
-368068051
-367583916
-366953338
-366484697
-364957742
-364790990
-364278672
-364218454
-363516248
-363410135
-362597129
-360646956
-359794293
-358261191
-357131661
-356844860
-356716713
-356393314
-355989640
-355565679
-355422017
-354262390
-352615526
-352478864
-350909837
-350873413
-350641799
-350425148
-349595797
-348593073
-347787531
-347730408
-347633293
-347145591
-346519984
-346470557
-345453888
-345361523
-345247305
-345146193
-345138719
-344785464
-344217223
-343835765
-343627547
-343475618
-342221297
-341748230
-341624428
-340408209
-340031288
-339164558
-339055565
-338932378
-336249265
-335156113
-333788310
-333012064
-332088292
-331934514
-331893375
-331865518
-331509536
-330658050
-329227350
-328595124
-328236423
-327884980
-326852910
-325062540
-324572755
-324148768
-324011762
-322797959
-322407518
-321527279
-320824894
-318936967
-317881392
-317707081
-317569325
-316166105
-315710531
-315257700
-314214178
-314160468
-313031295
-312973095
-312598465
-312226780
-312066172
-311147673
-310409364
-310006456
-309794292
-308726442
-307834051
-307729942
-305754993
-305279490
-305247479
-305037776
-304969917
-303788122
-303545634
-303372182
-303184171
-302208530
-301730690
-301600086
-299935324
-298443117
-297955630
-297609666
-297268392
-297103292
-296480239
-296436445
-296427284
-296355028
-296328417
-296154119
-295699507
-295622424
-295004022
-294796082
-294567466
-294301172
-293475147
-292996120
-292994872
-292770954
-292768652
-292668052
-292313292
-290881953
-290449401
-290152451
-289956134
-289601912
-287835666
-287790814
-286721487
-285895049
-285564450
-285279396
-284972930
-284814185
-284763583
-284405506
-284092198
-283807781
-283233294
-282972324
-281857769
-281516115
-281417256
-280936742
-280571845
-279758023
-279601783
-279424196
-279103617
-279087982
-278962607
-278516090
-278340220
-277575923
-277532678
-276890956
-274790715
-274764836
-274666090
-274122945
-273814358
-272204954
-271483271
-269676807
-269097359
-268706381
-268070184
-267735491
-267511069
-267297926
-266798942
-266775652
-265717410
-264802918
-264663592
-264279916
-263415590
-261628093
-261094871
-261051061
-260776113
-260318576
-260231895
-259576035
-258976179
-258759295
-258680734
-258452118
-257920721
-257900303
-257648435
-257101977
-256902677
-255875796
-255820897
-255244457
-254226858
-253791879
-253594619
-253499929
-253017366
-252945712
-252490827
-252282763
-250089744
-249834250
-249801369
-249737667
-249487984
-249362873
-249277128
-248392182
-246587340
-246494258
-246086859
-246067774
-245480496
-244867215
-243573700
-242333044
-242193860
-241840392
-241720033
-240806326
-240752035
-239880069
-239476438
-239358311
-238979097
-238820142
-238372453
-238358361
-238081747
-237509763
-236557848
-236441134
-235925162
-235907694
-233212781
-233210323
-233013851
-232657304
-232494974
-232399897
-230488203
-230192584
-229019102
-228832894
-228505958
-227710011
-227421027
-227403127
-227312054
-226878009
-226509787
-226418169
-226098233
-225999372
-224713129
-224447359
-224324383
-224271078
-224022510
-223938965
-223833216
-223742977
-223563655
-222852784
-222612607
-222330894
-221809543
-221447070
-221279324
-220842782
-220474024
-219895652
-219226965
-218543294
-218104654
-215815845
-214656609
-214579927
-214428816
-214224997
-214176293
-214039108
-213191999
-212904391
-211562523
-211547468
-210596177
-210410320
-209808193
-209598833
-209515778
-209021284
-208310613
-206802869
-206802610
-206113176
-206101595
-205317102
-205307689
-204320891
-204177555
-203794015
-203071463
-201020087
-200714790
-200554868
-200356045
-198985073
-198215643
-197626924
-196883534
-196678503
-195090384
-195050638
-194351510
-194051483
-194015369
-193817994
-193223702
-192584049
-192508148
-192130758
-191544278
-191263186
-190354332
-190348505
-189707977
-189695264
-189503870
-189168505
-188927746
-188353530
-188182217
-187777241
-187723133
-187596329
-186019067
-185365952
-181865263
-181109159
-180969676
-179167573
-177470930
-177409159
-177285371
-177193494
-177179708
-176573278
-175651741
-175625868
-174793935
-174218810
-173864319
-173324371
-172290980
-171985733
-171960855
-171901164
-171617307
-171258405
-170004288
-169818660
-169438070
-169381704
-168909620
-168387559
-167287300
-166706129
-166633158
-165915644
-165791524
-164856797
-164852610
-164284968
-164235501
-163283632
-163022100
-161903735
-160467324
-159830820
-159510796
-159368788
-159256652
-159039989
-158859339
-158758640
-158627521
-158174806
-158159825
-158096177
-157997394
-157833442
-157151746
-157052202
-156787708
-154950248
-154242998
-153173852
-152704109
-152600929
-152517913
-151023715
-150604100
-150011083
-149352879
-147531162
-147347444
-147306252
-146770739
-145544021
-145023279
-144604228
-144572349
-144430618
-143845168
-143436950
-142497295
-142291839
-139479264
-138898637
-138282715
-138257890
-137493304
-135379780
-135342794
-133823778
-133227751
-132062566
-131609750
-130830295
-130593944
-130407555
-129773636
-129031295
-127945544
-125544131
-124744416
-124711068
-124404247
-124298841
-123045253
-121080134
-120479088
-120131558
-120061287
-120018352
-118752165
-118543745
-118454172
-117670319
-117280943
-116946143
-115466941
-114755728
-114569370
-113916748
-113598324
-113226136
-112743658
-112635349
-111213096
-111155642
-110889107
-110182227
-109571725
-109257406
-107681155
-106587538
-106318831
-105819244
-103718413
-103551481
-103208195
-102960499
-102644413
-102098671
-101645736
-101509996
-101277513
-100216697
-99667053
-99111674
-98291295
-97903794
-96983130
-95823951
-95729205
-95276463
-95275394
-93508098
-93004032
-92156490
-91752646
-90894524
-90714626
-90007362
-88592502
-86588340
-86543478
-85763947
-85709142
-85656603
-85618298
-85015491
-84674804
-83847564
-83560985
-82388115
-82164866
-81802893
-81502520
-79358404
-78997697
-78596654
-78447839
-78163118
-78129294
-77594174
-77218234
-76912962
-74909990
-74814473
-73496955
-69267348
-67699527
-67689598
-67661346
-67068082
-65856406
-63670948
-63623166
-63280328
-62674094
-61565070
-60683029
-60266560
-59706719
-59427875
-59387715
-59006620
-58664168
-57580996
-57024414
-56069203
-56003911
-55369097
-55019633
-54481404
-53187514
-52712695
-52505713
-52445556
-51932030
-51321412
-51267008
-51216678
-49744691
-48896993
-48442921
-48108694
-47808529
-47730374
-47608301
-47435328
-47365565
-46954040
-46295071
-46005828
-43661461
-43381035
-43363386
-41529516
-41011893
-40626985
-40495454
-39523990
-39023469
-38827726
-38412589
-37242977
-37150657
-36679694
-33638186
-33379563
-32795874
-32629670
-32488997
-30339840
-30174827
-29679587
-29633672
-29473979
-29449191
-29169281
-28188791
-27745770
-27041173
-26223077
-25654027
-25452606
-25361380
-25019742
-24027076
-23114266
-23109902
-22789627
-22611981
-22353703
-21930459
-21492040
-21092352
-20877825
-20086588
-19754412
-19542252
-19379953
-18870902
-18771053
-18161333
-16956936
-16557242
-16023602
-15982797
-15748236
-15576454
-15486599
-14936278
-14337133
-13892084
-13659275
-13514819
-13405155
-12655963
-12164155
-11628051
-11520671
-8655999
-7741305
-7445546
-7168210
-6879595
-6587412
-5715131
-5417901
-5319876
-5122976
-4778056
-3656297
-3380473
-2427822
-2323238
-2005819
-1701210
-1329412
1192201
1708959
1925909
1966887
1970853
2173060
2672476
2759794
3008824
3700094
3783399
4165910
5537416
5716337
6435550
7031721
7730471
8093907
8116797
9646327
9888612
10148120
10160461
10687649
10721092
10723707
12102523
12886183
13463173
13845093
15589958
15746044
16437944
18446129
18478989
18988032
19006446
19987042
20005262
20377680
20451741
21299671
21825428
22200979
23255390
23526999
23749610
23872612
24430023
24592942
24841237
27551745
29580934
29697941
30189259
30794289
30914229
31329747
31746581
32412223
33251233
33780075
34053102
34861207
34920083
36107115
36287692
36398213
37011981
37116572
38073254
38460083
39880032
40535979
40767181
42499882
42678250
42909850
43412650
43581036
44962462
45883956
46070955
46270915
46536688
46612942
47392183
48121955
48618180
49222323
49264682
49347907
49419901
49973773
50163048
50364566
50402915
51163400
51258321
51297739
51886370
52292910
52474076
52645011
53085425
53160057
53906276
54584888
55276997
55474476
55690688
55774683
56504754
56702987
56708417
56855916
56917789
57004410
57627408
59205519
59753275
60002115
60421307
60482945
60811094
61529191
63630387
63872718
63978123
64981927
65651838
65737393
66678064
67146893
67293474
67785161
67851467
68368910
69446680
71283258
71494083
72393902
73250232
73798779
74409072
74848841
75518533
76179596
76305799
76585643
77417103
77471029
78272488
78362818
78517983
78576907
79304927
80168445
80748697
81046178
81386717
82069906
82349706
82573425
82964828
83972624
85093061
85441244
85528280
86160285
86224453
86583441
87063612
87135863
87191994
87276859
87958688
88513016
88517731
90887591
92511112
92617893
92663199
93845599
96464314
96826568
97522462
98423466
98637279
100017376
100017783
100632993
101787678
102511756
102954761
103198069
103857881
103955563
104377596
104904402
106058122
106252370
106504493
106719800
108162509
108423256
108902408
108903121
109015518
109094063
109395394
109678737
110920792
111117538
111536162
113803099
113807004
114244532
114398722
114450673
114547171
114552478
114845684
115767502
116117869
116575277
117839234
117972740
118092674
118269860
118684372
119081991
120885540
121093523
121180163
122065926
122781413
123056696
123304083
123374425
123635493
123715431
123870953
124423385
125549387
125555802
126253898
126743168
127004054
127501459
127869430
128366975
129041134
129276112
129393197
129830068
130033760
130054121
130057398
130067583
130267376
131036955
132858796
133404892
133816572
134551489
134936841
135545950
135899575
136639448
136890090
138588667
138701521
139090846
139403098
139608484
140593133
140718250
141583882
142636193
142758821
143111260
143350232
144095170
144553863
144925288
145139199
145368604
145792559
146395316
146500562
146616629
147023281
147365708
147716733
148515164
148710424
149007987
149040896
149402193
149987700
150003645
150323003
150667962
150894011
151732710
151766778
151950190
154797139
154799573
154842449
155229181
155632444
156073381
156103073
156571102
156915897
158842907
159772113
159967091
160106024
160147630
160394445
160541376
160737977
161456746
161804169
161948990
162662178
162947782
163543979
163660370
164131471
165226090
165235353
165894001
166280007
166334781
167140707
168262352
168411250
168579100
168905789
169240512
169288332
169555045
169813073
169837967
172102851
172228825
172831595
173903082
174212528
174361763
175270459
175641056
175792671
175944075
177959133
177966273
178303197
178516523
178827001
179097341
179368904
179723933
181013538
181191191
181598021
181992502
182435437
182509727
182811816
183857948
184032032
184290847
185291358
186324626
186367226
186867929
186960465
187476119
188629458
189290663
190347113
190450529
190502802
190875513
191377642
191459043
191598838
192553989
192755305
194485814
195208160
195751472
197212073
197373559
197518024
197809642
198332769
198504277
198563468
199263127
200392192
200625184
201476298
201657978
201957969
202568268
203172600
203299549
203709381
203725257
204558474
205284196
205444187
206223607
206528266
207438551
208339773
209344709
211020217
211058237
211387727
212453756
212490603
212871749
213273643
213550665
214424648
214507145
216589561
216951033
217264858
217350567
218551942
218631291
219769007
220459629
221080804
221170015
221199575
221230124
221638207
222230861
222315349
222673131
223099509
223479059
223699306
224176860
226610770
227425820
227473748
227557964
228040645
228296474
229098938
229228624
229383545
230255075
230677540
230837131
230906774
231129800
233036156
233091047
234444133
234870464
235485938
235793704
236527410
236626014
236807042
237620428
238911361
238992272
239014728
239338894
239745500
239976838
240208838
240630178
240631979
241126537
241484541
243937742
245090990
246708045
248277560
249118374
249450071
249785278
249822647
250185343
250611211
250948979
250999227
252484683
253213553
255273674
255395576
255866686
256141089
257047320
258190571
259307507
259508189
260173809
260997625
261548591
261893273
262040957
262869804
263100443
263363288
265598571
265829555
265890157
265911839
267310270
267864380
267892613
268270283
269086020
270205185
271120468
271662558
272685776
272998655
273511501
273531830
273599828
273700667
273817228
273821539
274141929
274989165
275086473
275873958
277214814
277322876
278082067
278109906
278143930
278620053
279604959
279713527
280110092
280554098
281041328
281263093
281603644
281685584
283344703
283471943
283997661
284906718
286213106
286430582
286468038
290504178
290588922
291052111
293670244
293842278
294226081
294403633
294711977
294926280
295239840
296273044
296357377
297021270
297673315
297998392
299709970
302081961
302691776
303334952
304190737
304627935
304746258
304903414
307409604
307455612
307687353
307770368
307822080
308593347
309754394
310139485
310597391
310978866
311223282
313053182
313240268
313482901
313495599
314026545
314383257
314826334
315123870
316355695
316592637
317078046
317383846
317594068
318002217
318089436
318177142
318520405
319774725
319842329
320357745
320431678
320527168
320698939
321690976
321909210
322684031
322789349
322812826
323334855
323475127
324595071
325083441
325500859
325722680
326013188
326881308
327869499
328477993
328563532
328898713
328977206
329251545
329298277
329719574
330106841
330257077
330277505
330482374
330501585
330571025
330816011
331375654
333267926
333380768
333404768
334147196
334860116
335313942
335559173
335849033
337325127
337716592
337937197
338185811
338382614
338733957
340414747
341327560
341511523
342761180
344331837
344440125
345873261
346487498
347353465
347920369
348559942
349724904
351188020
352126386
352199924
352418226
352647276
353940965
354220135
354483233
355619897
355852705
356593153
359215560
360212277
360226288
360661229
360880425
360912501
361020546
361371395
361795589
361966191
362404357
362617009
363200007
363339182
363790831
363866554
364977488
365060729
365580163
365798330
366891193
368262712
368621514
369183085
369638473
370402818
371020991
371044287
371301602
371487784
371615416
373061603
373095028
373760274
373832473
374289210
375004951
375025039
375114627
375133405
375424698
375457900
375648708
375706589
376620160
376790417
377102816
377205931
377370709
377883121
378590346
379238517
379913438
380018485
380063568
380668889
380950952
381272171
381894989
385067328
385105698
385331442
385488174
385493582
385862888
386001103
386609267
386865374
386886406
387591904
388076228
388451689
388962746
389400845
391020314
391342305
392918140
392936140
393118317
393278912
393806989
394235292
394554912
394857781
395213456
395252757
395780755
395930211
396117413
396149372
396412908
396524270
397005124
398114033
398815596
399205267
399231864
399871919
400881420
401431907
401874674
402366043
402701376
402829031
403026951
404276167
404760272
404902286
407330640
407363274
408328885
411164570
411443464
412690378
412939274
413559884
414623449
415119978
415312498
415356643
416958754
417778450
417790499
418796375
419619139
420076416
420310732
421044184
421111741
421548830
422042103
423224756
424130202
424313509
425038550
425283980
426258294
427050910
429161164
429463258
429645039
429953905
431064053
431076313
432203900
432318281
434764150
435402030
436019067
436697162
437903903
438101718
438328549
438662221
438822440
438950547
438976623
439596254
439781385
439944898
440702797
441021166
441414792
441499453
441991698
442224416
443153569
443264257
443390893
443975222
444713964
444784364
445095270
446876868
447203806
449126660
449233408
449258002
449971660
450993372
451016516
451718987
452129989
452639809
453387707
453887868
454333359
454424190
454581601
455849045
456228895
457384442
458058131
458691357
458833747
458928878
459864798
460055582
462331600
463363028
464326486
464695540
465409724
466095936
466169024
466375540
466499196
466529439
467313873
467512362
467741549
467949019
468218467
470319046
470319372
470571601
471105317
471248311
471443870
471444168
471470517
472345506
473146259
473176519
473877307
473916782
474047045
474056220
474288765
474490386
475198297
475637349
475652079
475746404
475787017
476376030
478433958
478780790
479389120
479677589
480274295
480633959
481059166
481308903
481482769
482106375
482321676
482438521
483191863
484465069
484718233
484801684
485384211
486141152
487134463
487610305
487968193
488017047
488384091
489236517
489489778
489986568
489997819
490479529
491169826
491206162
491469902
491843546
491855976
493821709
493924127
494648476
495108437
495581233
495848102
496393431
496460768
497227839
497619302
497738272
497843221
497882891
497921665
498030622
498807819
499938869
500070336
500083782
500834330
502445571
502933553
503023364
503430309
503982241
504159211
504631636
505337656
505369038
505692340
505719461
506522901
506575040
507132618
507207629
508001774
508114915
508359972
508977800
509846796
509882839
510130211
512412775
512517753
512993155
513064205
514308150
516211163
517768360
519549166
519811584
520059070
520601769
520648264
520977324
521822350
522323828
522390756
522555270
522692428
523027453
523203277
523262570
523421194
523464739
523602817
523689683
524650163
525213633
525266529
525690972
527592609
527987210
529476946
530064211
530298087
531224433
531273018
531410626
531471974
532098643
532314596
532641409
533051184
533067864
533139346
533428228
533640693
534983348
535006531
535057694
535445604
536304122
536624487
538660234
539225699
539674341
540016979
540777305
540946527
541347613
541474928
541512625
543113930
543415185
543843696
544393080
544565267
544855563
548046560
549401168
549541451
549659420
550689593
551234493
552849637
553377635
554074867
554117120
554568337
554969847
555011401
555237963
555531748
557086020
557952129
557961869
558779028
559913871
559960779
560180640
560339080
560623125
561276277
561903741
562533616
562544798
562658191
562691283
563761626
564082931
564158088
564681629
565045903
565346897
565815291
565822890
566407525
566580481
567419533
568133331
569740716
569814076
570413298
571603304
572146511
572460058
572519981
572622497
572951696
573235743
573737862
575665825
575868291
576367824
576406265
576756466
577204585
577810271
578574534
579163424
579164647
579410939
579834504
579901086
579908407
580102213
580390275
580598610
582360177
582649834
583518005
583526017
584903596
585670427
586000540
586436993
587292568
587915650
589418699
589447584
589888748
591441049
591466364
591783012
593159638
593166525
593392339
595289352
595522578
596303768
596607169
597090290
597742318
597771368
598029558
598298398
598897808
599368448
599945235
600186088
600683999
600833731
601137782
601363673
602013897
602220487
602451439
602728157
603755475
605622132
606488398
608773328
608840617
608954111
608998426
609255462
609526288
609944417
609975276
610437231
612237784
613986229
615343959
616007885
616246464
616569345
618043657
618297983
618526341
619018300
619816048
621908703
621954427
622049296
622528888
622805826
623647123
624106642
624130975
624503561
624674065
624910396
626041395
626779201
627826616
627959283
627960423
629610854
629662702
630946823
631122120
631279309
631970686
632290643
632365455
632851108
632989836
635413619
635500426
635510142
635624448
637077121
637386255
638238613
639418088
640233761
640807805
640869772
642001983
644732083
645171529
646846235
647266396
648856676
649365139
650343038
650545503
650717158
651037204
651350160
651483309
651583793
652198603
652655798
652776130
653060715
653183249
653329261
653908139
654374256
655825201
657728882
658401657
658419585
658538274
658694105
658812088
660632150
660788010
661254703
661734218
662055122
662081409
663329905
663731105
664283477
665737918
667484336
667665249
667666205
669042719
670074588
670425753
670454353
671002819
672539232
672567783
672700277
673472183
673641400
673992636
674057354
675603021
675993145
676226222
676255411
677474149
677930517
678464515
679431821
679749574
679948630
680871986
681465556
681529367
681554623
683205059
683456605
683551500
684335870
684428377
685824724
686352956
686640801
686994377
687159015
687481753
687521322
687785302
688123029
688475762
688599843
689235961
689419488
689671922
689993234
690389038
691700427
692191294
692334780
692437517
692618637
692876994
692963599
693595390
694432860
694631846
694700317
694704511
694723011
695380870
697189083
697428564
697846332
700461817
700828897
700993758
701163257
702258641
703251731
703339567
703977514
704972514
705072572
705120056
705443949
706583213
708151823
708589067
708607568
708616116
709250408
710126697
710640697
710913997
711067365
711521384
712143784
713060684
713189672
713823417
714422870
717069989
717459361
718068616
719119042
719962104
720314510
721210440
722057163
722072377
722765440
723093339
723219854
723642340
723812107
724108399
724214793
726099078
726641193
727908944
728491914
730061585
730064272
730233209
730542054
731281963
732271430
732766829
733108109
733265464
733283966
734668936
734670610
735397051
736199898
736428377
736454629
736593029
737119952
737144110
738293106
738370138
739081070
739268742
739468600
740499949
740506472
741059444
741701464
741942716
742672111
743628398
743987566
744036211
744202337
744278522
744886528
745310400
745794680
746541898
747155534
747590342
748129412
749496820
749546084
750043237
750478916
750547812
750989203
751087093
753933065
754109874
754297053
754533135
754817146
755180212
755348069
756337950
757762276
757897055
758414116
759116416
759431936
759467236
760038589
760347206
760447603
760628211
760715634
760933851
761631566
762945449
762953673
763232402
763739932
764791468
764815807
765344596
765890563
766406694
767546334
767634039
768182713
768216338
768412326
768599058
769720499
769831705
769967311
770681599
772294740
774064415
774708039
775179077
775237822
775239963
776271177
776719050
777132694
777614216
777838977
777894093
777973600
778376483
779283464
780247451
780370091
780688061
780745161
781325736
781452089
782032968
782416607
782504761
782946416
783411182
784040707
784693829
784925960
785982384
786141334
788200446
788596976
790083608
790381277
791695501
792671310
793728392
794911089
794913553
795456169
795475597
795837391
796082960
796319519
799929989
800158744
800589345
801374656
801456869
801467863
801501845
801680731
801806217
803919810
804370776
805089822
805222628
807058759
807985530
809799255
809988899
810123592
810254604
810491974
810971428
811251096
811732795
811843655
812563451
813347104
814026801
815292650
815526883
815601276
815629831
816280770
818752792
819072378
819173239
820131651
821991589
822531769
823326195
826183506
826207281
826622491
826656145
826975699
827049723
827257678
828101618
828181266
828554971
828860545
829467527
829734763
829820962
829952225
830144942
830156981
830173065
830560095
830648198
832582928
833596952
833855749
834010637
834180824
834363411
834523230
834851558
835299786
835312483
836099640
836218537
838282466
839020090
839062990
839748735
839901445
839908953
840214950
840243423
840274609
840436754
840535945
841031603
841044675
841114442
841147670
841663194
841835028
842001827
842356254
842409536
842702243
843055224
843366649
843940524
844028744
844086474
844329564
844891602
846232046
847404504
847810333
848777608
849145551
849691097
850765809
851076157
851413341
851964601
852628284
852662929
852705873
852865567
853841930
854330113
854822384
855151048
855610156
856015890
856811190
857088075
857145412
857513518
858043197
858873578
859429570
859778738
860415995
860819662
861089503
861684539
861964373
862092109
862916256
862937636
863463883
864076585
864593449
865445376
865530099
865991528
867010258
867054588
867775309
867895944
869029292
869685021
870548864
870830841
870926038
870978886
871048185
871321290
871796178
871804876
871932834
872114689
873441924
873778424
874118948
874278732
874972028
875313486
876700684
876905894
878707141
879051715
879617452
879623438
880320087
880393939
881448619
881548413
881801593
883869524
884019915
884064738
884628049
885500475
886594935
886895385
887337194
887792969
888181413
888314256
889189530
889434468
889559220
890768489
891771581
891925483
892503609
892686227
892753357
893385378
893725554
893990897
894623968
895798593
896300798
896673084
897157918
897203393
897513894
897514979
897559824
897567939
898566949
898731512
899186351
900109421
901450197
901875583
902245522
904388178
904535731
904630476
905035944
905691484
906780723
906796931
907353174
907568514
908462333
910118967
910763623
911300102
911414039
911422229
911605722
911926545
912381311
912910271
913025074
913163167
913416147
914532554
916505621
916537583
916917010
918190020
918359194
918545755
918547069
919666768
920178998
920773651
920838193
921181766
921812236
922425108
922442480
923262101
924519784
925139527
925326478
925465228
925560920
927367824
927590245
928030298
928169200
928399850
928453471
928551610
928897828
928904324
928960918
929015608
930430373
930619769
930622746
930634802
931014788
931290471
931830043
932316403
933184944
933767471
933835646
934245267
934868137
935639253
935811374
936180393
936876840
937864108
938341116
938588820
938621409
939314756
939325193
940320828
940738084
941091913
941198604
941697292
941812554
942383949
944389036
944697287
945119074
945210917
945614769
945847976
946117771
947337410
947418342
948578615
948871680
949351069
949411613
949651748
949975779
950111026
950312333
950461110
950583875
950866179
951152927
951933720
952036078
952673898
953404461
953623594
953953576
954013900
955115540
955395906
955510605
955893244
956515284
957741140
958272510
959620261
960648012
960761200
961145312
962916754
963062301
963690295
964175089
965075310
965448452
966516849
966658503
966662005
966784326
966991497
967007342
967209441
967367861
967436738
968281327
968862558
969099923
969256511
969469515
969584645
972929953
973034295
974691732
976632878
977139681
977292769
977480719
977694780
977912312
977984200
978362666
978684884
979351572
979706251
979983433
980836345
981476097
981709006
982462306
982858083
983483493
983570431
984188060
984480172
984668716
985525006
985760118
986187176
986493486
986825022
987261838
988845720
989182381
989744292
993051854
994360616
994461506
994740027
995005945
995007188
996473837
997092140
997108157
997141376
997436211
997742449
998212301
998339445
998439937
998502583
999286561
999598867
999665223
1000232135
1000437185
1000951443
1001268218
1002510585
1002976115
1003468472
1003646294
1005833927
1006195132
1006447277
1006633804
1006939715
1007092051
1007366497
1007578839
1010083023
1010553104
1011056499
1011567003
1011753935
1012012773
1012239788
1012609429
1012747894
1012966232
1013004600
1013041437
1014361983
1014539922
1014771225
1014981817
1015440888
1015502836
1016415868
1016666927
1017669325
1018121755
1019005637
1019800745
1019842194
1021442721
1021733199
1022593917
1022620838
1023942616
1025037663
1026586193
1027608383
1028176075
1028471291
1030453050
1032992323
1033907135
1034310193
1036764452
1036845289
1037144469
1037461670
1038118094
1038881065
1039190927
1039402254
1039440444
1039945894
1041003529
1041256910
1041561488
1041866847
1042214707
1043124369
1043252965
1044195973
1044234783
1044989715
1045338219
1045857769
1045904932
1046075422
1046104013
1046541350
1047168334
1047191324
1047325956
1047670183
1047930356
1048198924
1049540063
1049568892
1050089203
1050315473
1051383411
1051915474
1052021030
1052183699
1052910838
1052959819
1054739547
1055480334
1055637216
1056061646
1056183108
1056737428
1057784782
1057804658
1057884178
1058353998
1058495386
1058537924
1058620496
1058725837
1058851767
1059349994
1059908256
1060079017
1060184113
1060260341
1061510745
1061561250
1061749078
1061858039
1062936445
1062957077
1063012542
1063499433
1063852314
1063962733
1064185093
1065648226
1066273454
1066319087
1067566830
1067948058
1068004031
1068365930
1068790890
1068795541
1069347119
1069833950
1070130052
1070340639
1072696672
1072724955
1072785543
1073757365
1073798582
1073832072
1074014218
1074236547
1074709934
1075343900
1075374732
1075520063
1075619163
1075929698
1076093277
1077101615
1077313887
1078355669
1078411180
1078941443
1078978783
1079721924
1081733899
1081988624
1082061416
1082463136
1082861691
1083418150
1084328907
1084418149
1085140092
1085821767
1085925256
1086089406
1086343619
1087185190
1088325540
1088842824
1089399395
1089496544
1090308983
1090344627
1090731741
1091312099
1092225901
1092962997
1093178828
1093303407
1093443648
1093916698
1094681586
1096561460
1096761139
1098185380
1099164993
1100889575
1101456597
1102684652
1103394040
1103407393
1103427828
1104219127
1104748531
1107178109
1107412114
1108493183
1109619822
1110197042
1110602704
1110985809
1111096911
1111316181
1111582477
1112552857
1113814317
1115057597
1115431346
1115462937
1115636383
1115963802
1116243522
1116580100
1116750781
1116757555
1116855673
1117276165
1118062936
1118151249
1118238524
1119307986
1120017672
1120371541
1121067227
1121254043
1121981825
1122013823
1124296174
1124318007
1124658499
1125199359
1126156478
1126288019
1126436645
1127557771
1127796320
1128016634
1128070351
1128279623
1128601536
1128941421
1129674330
1129897316
1130751299
1131230852
1132516689
1132795024
1132924783
1133537477
1133711120
1134430147
1134627554
1134934438
1135631713
1135965160
1136996835
1138029092
1138512460
1138610562
1139377118
1139713151
1139886933
1140086965
1140437640
1141054722
1144282287
1144799078
1145029949
1145460592
1146254029
1147505951
1147588292
1147661035
1148400220
1148833369
1148881742
1148967644
1149250581
1149736158
1151530827
1151581193
1152230943
1152252729
1152363287
1152812330
1153527550
1153739691
1153968060
1154460180
1156185601
1156633203
1156916801
1157530852
1158368450
1158860778
1159335042
1159357800
1159578691
1159943440
1160111018
1160141571
1160325410
1160460884
1160753278
1161755813
1162635661
1163179897
1163260627
1163821248
1164681587
1164845984
1164985139
1165216671
1165344758
1165559638
1166121330
1166144261
1166187230
1166400083
1166882069
1168774426
1169835809
1171984081
1172300199
1173860189
1173992572
1174158134
1174539276
1174836420
1175143464
1176396218
1176814878
1177440044
1179422297
1180103096
1180399847
1180628400
1181753205
1182066365
1182142070
1182364354
1182591264
1182931208
1183616865
1183737960
1183740759
1183897166
1184856895
1185565708
1185808489
1186026598
1186917503
1187156785
1187627661
1188937603
1189171912
1189182373
1189554569
1190015277
1190810361
1191201980
1191660709
1192189953
1192513163
1192527430
1193988161
1194567907
1194877921
1197043983
1197262709
1197380409
1198018796
1198312303
1198848508
1199217846
1199235800
1199805308
1200485168
1200485353
1200903879
1203138199
1204108728
1205511172
1205593423
1206059398
1206148091
1206165980
1206271535
1206577698
1206904596
1207523846
1207819948
1207850612
1208605394
1209003913
1209228170
1210287322
1210467515
1210595288
1210745449
1210903608
1212296723
1212521699
1212539088
1213903785
1214014878
1214335960
1215609700
1215730756
1216692079
1217948985
1218126603
1218493623
1218716775
1218767021
1219136029
1219612029
1220371580
1220532283
1221212748
1221417850
1222249763
1222497466
1222621798
1223133942
1223610368
1224092353
1224571641
1224961121
1225127123
1225640465
1225712432
1226460318
1227353090
1227710171
1228178246
1228626661
1228657327
1228783335
1229375989
1229412640
1230344180
1230720829
1231449209
1233971214
1235130820
1236955281
1237219579
1237337410
1237465947
1237720836
1237829841
1237895875
1238029765
1239042658
1239944688
1240167265
1240758327
1241747924
1241821685
1242256475
1242395249
1242434078
1243408212
1243602036
1244730043
1244914474
1245067630
1245567209
1245573644
1246864152
1247587370
1248140853
1249395008
1249604232
1251327432
1251359113
1251561189
1251957047
1252016966
1252380417
1253191756
1253413119
1254314993
1254579297
1256724798
1257027349
1258655481
1259041996
1259435401
1259821184
1259855348
1260017759
1260895590
1264458549
1264566005
1264743746
1265004298
1266158674
1266164112
1267083290
1267684151
1267752805
1267806465
1268024334
1268283541
1268338780
1268508900
1269561911
1269610732
1269798208
1269841083
1270592743
1270782156
1271468713
1271621839
1271832200
1271907432
1271935086
1272282662
1273457989
1275883932
1276392761
1276745493
1276917480
1277538612
1277898096
1278370064
1278412372
1278678638
1278797987
1279840816
1279901360
1279954735
1280063444
1280078469
1280244253
1280555239
1281404544
1281938297
1282062989
1283165443
1283293276
1283440771
1284338348
1284598675
1284645356
1285326460
1285800652
1286343597
1286471910
1287618989
1289257728
1289560733
1289826247
1290174990
1290184497
1290966300
1291210969
1291401695
1292037324
1292189563
1292342946
1292651061
1293251189
1295919654
1296573472
1297051672
1297128407
1298065181
1298311946
1298356713
1298429269
1300573370
1300630822
1300695774
1302684542
1302780214
1303112158
1303409866
1303468812
1304337849
1305855298
1306251097
1307076576
1307555198
1307907539
1310069330
1310346694
1310938849
1311109679
1312253936
1313167113
1313439292
1314109191
1314849548
1315220405
1316076845
1316719147
1316730776
1317361422
1317552701
1317951886
1318045753
1318202634
1318749614
1319103009
1319232619
1319242992
1319448279
1320204524
1320774027
1321526337
1322929016
1323782593
1324942098
1325193764
1325408747
1325526885
1325603311
1326094356
1326156586
1327074844
1327087415
1327383224
1327591446
1328011578
1328205970
1328226658
1328290152
1328431948
1330223634
1330340535
1330444517
1330555109
1330822405
1331868306
1331954367
1332637320
1332952628
1333480094
1334400560
1336733051
1336914056
1339162491
1339262005
1339369567
1339560005
1341102309
1341482664
1341650084
1342603548
1343700194
1344792691
1345297660
1345417508
1345534848
1346480913
1347347188
1348892812
1349097130
1349230397
1350153118
1351782847
1352168772
1353349777
1354075500
1354095473
1354985125
1355406090
1356091697
1357147222
1357453117
1357521081
1358613540
1359171443
1359682486
1360259381
1361262745
1361311330
1361598522
1361608687
1362058543
1362735965
1363412549
1363556378
1364803718
1365149625
1365712962
1366014513
1367241824
1367898452
1368270662
1369268605
1369268784
1370113561
1370281292
1370523729
1370678541
1371003482
1371313852
1371487569
1371921981
1371938517
1372271765
1373008569
1374135188
1374942037
1375057296
1375748643
1376239996
1376996146
1377371800
1378296236
1378325955
1378812624
1379466624
1380240499
1380273925
1380520082
1381323071
1381702578
1382884763
1383170429
1383212341
1383356391
1383913156
1384218240
1384587441
1385671262
1386784777
1387100808
1387441292
1388627728
1388689597
1388990169
1389537041
1390078389
1390118205
1390751601
1390771347
1391333742
1391489679
1391585100
1391973726
1392154716
1392235446
1392544596
1393278404
1393427458
1393596098
1393968979
1394274922
1394475061
1394574931
1394878018
1395637518
1395771692
1397645764
1399546041
1399554548
1400386659
1401860570
1402002566
1402202751
1402205791
1402515529
1402600680
1402627939
1402854646
1403133578
1403467577
1404194612
1405347721
1406738090
1408567106
1409398089
1409946047
1410286151
1410577808
1411628593
1411878108
1412286750
1412909184
1413772174
1414043282
1414296505
1414647055
1414844427
1415032320
1415237232
1415923339
1416119354
1416409617
1416631160
1417873137
1418278098
1418832661
1420397409
1420634936
1420950107
1422701825
1423124381
1423274705
1423342306
1423382503
1423382639
1423403573
1423469236
1424753465
1425696139
1426515990
1426588198
1426784040
1426853779
1427092034
1428010062
1428144759
1428447742
1429342757
1429367741
1429935949
1430654753
1431170175
1432059504
1433058929
1433269604
1433288513
1434035742
1434039671
1434819789
1435115114
1435652902
1436232895
1436592037
1436697617
1436765185
1438210727
1438300028
1438408064
1438620056
1438705834
1439017201
1440892806
1441298207
1441567644
1441866028
1441919036
1442116807
1442866153
1442945539
1443428883
1443606241
1444562737
1445164966
1445403459
1445513918
1445514219
1446821863
1447091856
1447656946
1448393152
1449632356
1449867092
1450339692
1450478848
1450779196
1451005886
1452059245
1452150674
1452908335
1453075363
1453464562
1453563042
1454894133
1455461608
1456150296
1456391669
1456550628
1457451699
1457561536
1458003039
1458219185
1458317563
1458576744
1458805010
1459096878
1459204136
1459951370
1460399984
1460667833
1460777450
1460871007
1461767516
1461949037
1463152323
1463700686
1464257800
1464591884
1465015299
1465344471
1466051285
1466961045
1467283546
1467941290
1468116940
1468550235
1468654764
1469143262
1469553913
1470069655
1470439596
1470470690
1471646604
1471723788
1472087692
1472309205
1472519785
1472922671
1473588603
1473815896
1473953308
1475069736
1475510266
1475616736
1475822054
1475980763
1476388307
1476564477
1476776762
1477513035
1477595340
1477698616
1478437185
1478722825
1478976026
1479051266
1479149962
1479231713
1480005056
1480905233
1481328051
1481437868
1481887567
1482885209
1482937101
1482997625
1483573757
1484077970
1484153964
1484811137
1484907996
1486134430
1487600022
1487692314
1487976910
1488534588
1490498007
1490773608
1491523406
1491601708
1491837140
1491862231
1491945227
1491965751
1493029332
1493273235
1493602256
1493802875
1493883617
1493888401
1494146765
1495280782
1495812485
1495853318
1496825431
1497341512
1497569887
1497888717
1497942077
1499000184
1499439034
1499570650
1501208754
1501408932
1502751930
1502926846
1503027096
1503427774
1503687335
1503733349
1504416117
1504570204
1504614260
1505466968
1506728003
1506941806
1508040344
1508640487
1508802758
1508901836
1509179920
1509971409
1510606501
1511029320
1512082496
1512998569
1513942121
1513978315
1514918287
1515360658
1515491052
1515593073
1515687323
1515980004
1516042714
1516094750
1516547117
1517596383
1518552583
1520215923
1520708480
1520982587
1521630017
1523332101
1523646037
1523727059
1523752492
1523791864
1524197295
1524299513
1527574629
1527983421
1528274055
1528435953
1528535423
1528725164
1528941866
1529878327
1529886143
1530450471
1531222577
1531254592
1531622517
1531756804
1532058517
1532102353
1532248033
1532981217
1533116518
1533307252
1533658944
1534725760
1534751554
1535902079
1536772655
1537177078
1537249979
1538118707
1539089597
1539206316
1540278954
1541208417
1541797218
1541951715
1542516556
1544214616
1544526924
1544686525
1544780592
1545147729
1545305244
1545454136
1545543723
1545754438
1546036410
1546196584
1547328460
1547892723
1548055344
1548576812
1549960256
1551576320
1552136011
1552167000
1552556487
1552557692
1552617623
1553554671
1553659073
1553932502
1554282376
1554350255
1554581456
1555737256
1555833626
1556297835
1556727837
1557376909
1557535786
1560333678
1560491078
1561205442
1561316152
1561356003
1562629947
1562802890
1563987728
1564145142
1564192294
1564315758
1565007494
1566011342
1566200365
1566919106
1567134334
1567233989
1567374843
1567450952
1569356884
1570262611
1570486348
1570916693
1572424813
1572751425
1573406777
1573552179
1574136577
1574326162
1574534742
1574667122
1574722962
1574964579
1575185668
1575218925
1575324253
1577315383
1577556431
1578084706
1578982024
1579337276
1580277552
1580781148
1580977541
1581408707
1582234468
1582839198
1582911950
1583764225
1584225668
1584234574
1584240356
1584953304
1585697870
1587636380
1588852410
1588861163
1589897509
1590175502
1590547014
1590867452
1590901846
1591203019
1591857592
1591938590
1591967196
1591992533
1592263117
1592482057
1593265984
1593352055
1593928955
1594183144
1595012072
1596164509
1596351648
1596644030
1597265810
1599176020
1599600791
1599837169
1600660947
1600829783
1600918790
1601428381
1601795665
1602122726
1602682529
1602836944
1603061310
1603193801
1604175895
1604998930
1605592046
1605773983
1605835915
1606192260
1607926157
1609883387
1610509921
1610717104
1611919118
1612354173
1613180437
1615082301
1615150894
1615248878
1616138183
1616373853
1617126848
1617536484
1618128593
1618770054
1619796175
1620033551
1620899696
1621356974
1622238936
1622367073
1622381423
1622527981
1622786282
1624009518
1624112040
1624765118
1625221847
1625965636
1626660603
1627716056
1627754150
1628375475
1628569142
1628613914
1629608399
1630166081
1631187433
1631313019
1631467605
1631478836
1631924893
1632696800
1634343383
1634586371
1635035577
1635038212
1635378746
1635888561
1636851437
1636998586
1637238121
1637378209
1637550543
1637576703
1638779493
1638835027
1638982911
1640037702
1640680222
1640855806
1640976693
1641148782
1641568725
1642285350
1642455866
1642867241
1646164091
1646167193
1647174645
1648571494
1648594268
1649338611
1649794684
1650143149
1650939192
1651511465
1652049480
1652435669
1652830790
1653464857
1654277192
1654612074
1654808990
1654845918
1655627914
1655721609
1657888709
1658204964
1658209196
1658386444
1659319565
1659609250
1659681847
1659788427
1660116134
1660244005
1660717092
1660858439
1661024012
1662026530
1663595478
1664336597
1664935279
1665255604
1665352942
1666861201
1668298390
1668465225
1668675827
1669235184
1669331694
1670503089
1670933752
1671044411
1671876376
1672227611
1673514815
1674355862
1674455259
1674794956
1676068823
1676205199
1676302577
1677092230
1677904051
1680559048
1680672856
1681632306
1681973703
1682383139
1682686412
1683701218
1684194666
1684463055
1684543183
1685361757
1685594765
1685953196
1686325761
1686568370
1687079835
1687184436
1687714718
1688099586
1688136673
1689191977
1689538380
1689794869
1689953685
1690034674
1690281977
1690531618
1690918476
1691499980
1692070920
1692230270
1692456816
1692960358
1693222528
1693284440
1693775888
1694557525
1697561156
1698372927
1699600569
1699842377
1700441383
1700537822
1701697203
1701742267
1701995887
1702533221
1702736713
1704422892
1705458889
1705689061
1707303293
1708037857
1709298975
1709478317
1710004275
1710071505
1711956355
1712909850
1713126256
1715371921
1715379521
1715481762
1715483674
1715764738
1717334710
1718609653
1719199993
1719516456
1720638826
1721373363
1722735521
1722759342
1722828858
1723804029
1723898404
1724308135
1724963886
1725833495
1725891061
1726309476
1727251476
1727996782
1728299766
1728391462
1728507862
1729622723
1730713732
1731170448
1731560404
1733433064
1736400508
1736970317
1737122486
1737516405
1737967903
1737972529
1738454970
1738592625
1739530126
1740515410
1741149145
1741497724
1741818035
1741888789
1741896589
1742180812
1742445037
1742669303
1742735191
1743036301
1743197950
1743717347
1745725201
1746243558
1746660639
1748617960
1748951366
1749809191
1750555713
1751085095
1753850140
1754060750
1755279651
1755959752
1756372437
1757493210
1758534233
1758937789
1759231459
1759541188
1759910763
1760012384
1760028035
1760325059
1760763451
1761078289
1761302575
1763604680
1763683669
1763997780
1765256305
1766725542
1767028307
1768359691
1768766960
1768781629
1768891499
1769352277
1769591905
1770260291
1770301252
1770877858
1771368512
1771716193
1772492985
1773127772
1773136898
1774492334
1774753242
1775072882
1775477823
1776612664
1777023386
1777138147
1777348510
1778181715
1778229607
1778442844
1779427277
1780459804
1780619345
1781728369
1782385137
1784038807
1784579932
1784781198
1785206026
1786623774
1786689215
1786703272
1787252675
1787344994
1787757971
1787910112
1788428498
1788514586
1788967149
1790444345
1790599076
1791352469
1791462147
1791891260
1791914111
1792636082
1792719215
1793187887
1793337504
1795094382
1795191463
1795503762
1795686624
1796177438
1797724354
1798739274
1798882863
1800330893
1800399793
1800836859
1802587887
1803060940
1803181868
1803505621
1803703657
1803794489
1803928495
1804994534
1805790307
1805923321
1806156750
1806792293
1808576623
1809064433
1809075812
1809655412
1810420611
1810466991
1811184419
1811817469
1812028044
1812082692
1812391478
1813078484
1813140704
1814079437
1814938270
1815508141
1816189103
1816315155
1816321117
1816608010
1816655978
1816811881
1817585453
1817946229
1818070433
1818474748
1819088396
1820051396
1821314341
1821868328
1821893387
1822023745
1822169140
1823838736
1824220634
1824668395
1824927787
1825962448
1826246614
1826308030
1826424517
1826744715
1828200636
1828351460
1828924872
1828946037
1829961012
1830319924
1830356221
1831243573
1831495017
1832453717
1832531422
1832616074
1833800473
1834709671
1835454257
1835560515
1838338613
1839197295
1839877489
1840481921
1840666482
1840714174
1840938807
1840976072
1841264303
1842250649
1842765308
1843372143
1843751812
1845819249
1846068184
1846150510
1846169352
1846623743
1846775960
1847124729
1849382406
1850698118
1852268328
1852571051
1852683333
1853296881
1854268539
1854832116
1855296719
1855738507
1855943182
1857068639
1857201172
1857381753
1857642057
1857912725
1858024884
1858320143
1858683655
1859101270
1859498413
1859661651
1860941756
1861568508
1861715562
1862045060
1862059191
1862567802
1863054665
1863163354
1864925985
1865303773
1865980670
1866142325
1866182885
1866358582
1867358848
1868128983
1868361028
1869888236
1869998698
1870341690
1870501135
1871037621
1871394540
1871958810
1872712139
1873710749
1873770283
1874231460
1875658582
1876364084
1876535676
1877118320
1879550384
1880285797
1880495407
1880949295
1881263496
1882043189
1882348835
1882383272
1882449304
1882549003
1882601063
1882646839
1882664806
1883014742
1883178778
1883536194
1883804102
1883973887
1884096494
1884345550
1884396048
1885039279
1885892994
1885977511
1886246623
1886526166
1887421869
1887822135
1889069479
1889122630
1890166409
1891149434
1891823642
1893684544
1894733306
1895470702
1895573987
1896192551
1897638044
1897952403
1898131769
1898685145
1898812177
1899385250
1899454545
1899916488
1900047031
1900914529
1902134546
1902278643
1902400513
1902509620
1903222177
1904743654
1904905178
1905069577
1905892850
1906409170
1906888320
1907447301
1907504506
1907541029
1907545166
1907841114
1908040334
1908552582
1908960846
1909862047
1909937374
1909953860
1910001986
1910174939
1910525882
1910661628
1910830590
1911499045
1911665011
1911768961
1911853940
1912183319
1912453657
1913478265
1913701577
1914205918
1914682863
1917139806
1917376732
1917409595
1918009884
1918400126
1918453139
1919188251
1919295961
1919463605
1919836968
1920147496
1920577199
1920890167
1921402472
1921675435
1922336217
1922446865
1922834377
1922857723
1923085547
1923293932
1923854614
1924478780
1926855058
1928689457
1929143819
1929391019
1929794281
1929879630
1930057449
1930197803
1930359298
1931326680
1931745097
1931809978
1931942248
1932240234
1932433488
1932933219
1933063929
1933309536
1933532086
1933703035
1934795525
1935057280
1936214898
1936310426
1937137367
1937419787
1937931202
1937939554
1938453312
1938871534
1939373811
1940159391
1940177622
1941123312
1942144013
1942228748
1942839409
1942854623
1943847797
1943985338
1944366184
1944699858
1944812635
1945190042
1945600840
1945814662
1946347891
1946440565
1946459658
1946703899
1948113360
1948118013
1949692858
1952120809
1953007178
1953192032
1953730364
1953905626
1954003400
1954140628
1954563438
1954634684
1955559631
1955824474
1956517409
1957242268
1958249671
1960756137
1960825723
1961439460
1962745650
1963133174
1963726902
1964247237
1964550685
1964551495
1965308162
1966057907
1966116035
1966288740
1966671696
1967031774
1967088558
1968557714
1968906109
1969739258
1970879817
1971687126
1971825614
1971939871
1973749148
1974896839
1975063033
1975204632
1975378217
1976597159
1977104106
1977117993
1977123394
1977159382
1978158113
1978641777
1978868476
1980350616
1981765117
1983688752
1985080052
1985175603
1985560532
1985793845
1985986127
1986165958
1986278168
1986452098
1986469427
1987198880
1987827706
1988160993
1989129945
1989557153
1989724240
1989938558
1990414168
1991649579
1991906968
1992917990
1994024133
1994280005
1994606562
1994848862
1994965176
1995101203
1995103986
1995809808
1996435229
1996750919
1996849627
1997081527
1998264322
1999301497
1999536569
1999618022
2000488090
2000828859
2001322104
2001353104
2001797542
2001872223
2002443298
2004144046
2004977280
2005226026
2005252235
2005879897
2006262854
2006568180
2006777081
2007663477
2008074165
2008558228
2008639766
2009060528
2010295737
2010661097
2011681439
2012710480
2013239106
2013296852
2013462786
2013467549
2013541445
2013935682
2014472858
2015297013
2015389538
2020197761
2021921503
2022714565
2023033950
2023112320
2023983567
2024076555
2024684312
2024977259
2025114962
2025122643
2025229894
2025676979
2027080626
2027528176
2027723575
2028435280
2028719582
2028793803
2029902196
2029972228
2030734886
2031342460
2031424369
2031790895
2031843969
2031906787
2033382145
2033867771
2033988537
2034234448
2034732254
2034887859
2035461396
2035554455
2035845400
2035984384
2036190645
2037107818
2037262307
2037699960
2038270502
2038477162
2038618736
2039495823
2039555838
2039890074
2040354731
2040850835
2042354853
2042497119
2043186081
2044288687
2044454623
2044460030
2044596360
2044675061
2044927422
2044938442
2045514726
2046628277
2046708874
2047631988
2047669548
2047708188
2047770749
2047894778
2048972661
2049770970
2050174941
2050604820
2051610361
2052478542
2052630850
2052816059
2052905965
2053013595
2053017727
2053157268
2053813072
2054176913
2054395790
2054695355
2056085833
2056701956
2057882090
2059366159
2059576254
2059591297
2059933909
2060268648
2060512113
2060726550
2061183184
2061571200
2061663106
2061736964
2062095848
2062349217
2062439162
2062467637
2062948054
2063325593
2063706645
2063854721
2064428677
2064475016
2064564801
2064854567
2065222204
2065509963
2065921262
2066017710
2067130345
2067639701
2067640332
2067680626
2068423304
2069221084
2069368857
2071033573
2072930703
2072988901
2075829375
2076512122
2078289792
2079393570
2079404673
2080084760
2080281558
2081320690
2081367091
2081431859
2082149790
2082422712
2082902372
2084352370
2084839627
2086283788
2086689249
2086828271
2086836007
2087325367
2087328724
2087722339
2088037878
2088086414
2088246210
2088779262
2088857353
2091682346
2091713076
2091892767
2091929861
2092373926
2092990895
2094903779
2095155667
2095192212
2095238349
2096314227
2096354553
2096522092
2097234236
2097318847
2097542495
2097709563
2098159719
2098188163
2098922057
2099656195
2100472900
2100861519
2100915500
2101257498
2102287753
2103654963
2104259899
2104412973
2105507344
2105617795
2106282283
2106804712
2107152593
2107174710
2108269649
2108329730
2109703658
2111581107
2112801458
2112817681
2113093625
2114450096
2115556932
2116968022
2116980806
2117865686
2117948813
2118474924
2118846163
2118896778
2120830256
2121234753
2121283946
2121671566
2121926949
2123614844
2123779165
2124218780
2124631120
2124957302
2126797039
2127754687
2128175143
2128608541
2128838152
2128885655
2128922507
2129224977
2129413954
2129654792
2129781522
2131589317
2131848898
2132430017
2132543447
2133371930
2134049333
2134306847
2134864051
2135127302
2135129025
2135147898
2135407278
2136446423
2137030993
2138390990
2139187057
2139448599
2140127131
2140394004
2140722560
2140730011
2143490437
2143800179
2144713214
2144823516
2145042561
2146109763
2146589880
2146634971
2146752473
2146848362
2147003392
2147116405
