-2141009491
-2139588327
-2138390668
-2137861924
-2128996900
-2124090669
-2113753870
-2105993330
-2103026780
-2090749135
-2090721879
-2089336133
-2086595122
-2084778478
-2078900831
-2073032659
-2061859894
-2045243867
-2037277650
-2032709290
-2027831750
-2006648343
-2002329122
-1991756781
-1989218905
-1988477966
-1979947027
-1969283497
-1963862649
-1959144122
-1951063194
-1943721331
-1938393722
-1935573920
-1934380881
-1933500658
-1909667671
-1909541276
-1877706133
-1873747624
-1870763046
-1862133219
-1856426629
-1852411569
-1829040536
-1818025879
-1811800664
-1801207137
-1792465840
-1788846950
-1787008643
-1786126378
-1783035865
-1780018293
-1779847919
-1754382556
-1750180420
-1741266142
-1734983820
-1731241459
-1729283793
-1726355006
-1718825415
-1694120380
-1685411538
-1678038194
-1674872915
-1668855359
-1658142994
-1643328992
-1603190713
-1603146689
-1567196103
-1560665819
-1558620065
-1554121271
-1550570586
-1542757796
-1540822946
-1536985943
-1533832136
-1526915281
-1518938308
-1513047029
-1509632501
-1483337579
-1461249056
-1459827370
-1457672976
-1453438136
-1423060993
-1420211928
-1417221407
-1415951383
-1412314167
-1411740561
-1411552849
-1409932949
-1397766369
-1390070123
-1380206301
-1375056305
-1367920983
-1360479120
-1356823191
-1351344834
-1348972292
-1337026208
-1326000153
-1320567837
-1319364568
-1318721770
-1318180947
-1315459146
-1305376595
-1300823014
-1293461712
-1292918822
-1292333361
-1288751559
-1250181728
-1237131333
-1226275373
-1222143675
-1218917431
-1218616460
-1211334439
-1201565253
-1182202028
-1175519146
-1174462524
-1174427787
-1164368824
-1139765352
-1138184120
-1130403943
-1121515410
-1093253708
-1064032374
-1059209602
-1053293722
-1041135095
-1038218488
-1036474372
-1033480057
-1010978582
-1004306364
-1001641798
-992618231
-970359006
-963744626
-963733305
-958412791
-951573147
-940382637
-939110779
-921321337
-896261841
-890854882
-881196557
-869835073
-862472425
-856475492
-853820239
-853564982
-838360500
-821411834
-819204420
-817591817
-815050439
-802570417
-767315175
-758381002
-756662132
-752573483
-734505695
-716867186
-714649183
-707550653
-699331790
-696700444
-684913463
-682822203
-681693207
-667127838
-664854618
-661168573
-645304625
-643618536
-642849686
-622682182
-616101528
-615500284
-602057918
-597072756
-590054297
-587469330
-563364277
-560717774
-557424792
-556700241
-553741966
-531925169
-515130950
-501480951
-467807963
-466995634
-456454537
-455321581
-445233199
-440045570
-424694963
-424661845
-416875994
-414893779
-405620869
-400535179
-392731427
-385250073
-383668415
-382183064
-379926920
-374447600
-371309519
-370025683
-368129150
-359794293
-355989640
-302208530
-301730690
-296427284
-287790814
-285564450
-284814185
-284763583
-284405506
-264279916
-260318576
-258976179
-245480496
-243573700
-238979097
-235907694
-225999372
-185365952
-173324371
-163283632
-160467324
-158096177
-152517913
-138257890
-124711068
-112743658
-106587538
-81502520
-51321412
-43661461
-33638186
-29449191
-22353703
-21492040
-18161333
-7445546
-5122976
6435550
8093907
23526999
33780075
53906276
55774683
87191994
96826568
103857881
106504493
114450673
114547171
115767502
126743168
149402193
151766778
154842449
161804169
166334781
168411250
177966273
184032032
184290847
203299549
204558474
220459629
223479059
227473748
239745500
263363288
273700667
279713527
281041328
281685584
286213106
296357377
321690976
333380768
371044287
377205931
377370709
380063568
385105698
387591904
413559884
441021166
441414792
470319372
475198297
489986568
491843546
496460768
497619302
498807819
508977800
520648264
530064211
530298087
535445604
541347613
549541451
554117120
558779028
562544798
578574534
586000540
598897808
621908703
624910396
650343038
655825201
670074588
673472183
674057354
679749574
689993234
692437517
692876994
697846332
703339567
708589067
737144110
740499949
744036211
753933065
760447603
762953673
766406694
780688061
781452089
784693829
805089822
813347104
815601276
823326195
834010637
842702243
851413341
862092109
864076585
871321290
883869524
889189530
889559220
897559824
899186351
920838193
935639253
939314756
939325193
941198604
949651748
965075310
966662005
977139681
980836345
981709006
988845720
994461506
995007188
998439937
1011567003
1013004600
1027608383
1042214707
1047930356
1066273454
1073757365
1088842824
1120017672
1128070351
1140437640
1158860778
1173992572
1186026598
1187156785
1197043983
1214014878
1220371580
1220532283
1221417850
1236955281
1239042658
1239944688
1251327432
1251359113
1252380417
1254579297
1268024334
1269798208
1310938849
1311109679
1312253936
1324942098
1325603311
1336914056
1358613540
1378325955
1394878018
1402202751
1415923339
1423469236
1428144759
1428447742
1429367741
1441298207
1442116807
1447091856
1458317563
1460399984
1475822054
1486134430
1491601708
1491837140
1499439034
1506941806
1523727059
1527983421
1532248033
1535902079
1553932502
1557376909
1574326162
1575324253
1580781148
1588852410
1591203019
1592482057
1602836944
1615150894
1622527981
1624765118
1638779493
1642285350
1648594268
1659788427
1660858439
1668298390
1676205199
1683701218
1685594765
1685953196
1709478317
1710004275
1718609653
1730713732
1733433064
1740515410
1759910763
1787252675
1798882863
1817946229
1821314341
1823838736
1842765308
1846775960
1852571051
1859661651
1868128983
1875658582
1885977511
1898685145
1903222177
1909953860
1911499045
1922336217
1924478780
1929143819
1946703899
1958249671
1975378217
2013935682
2025122643
2040354731
2050174941
2052630850
2060726550
2064428677
2064475016
2075829375
2080281558
2088086414
2099656195
2100472900
2121234753
2128838152
2129654792
2131848898
