-1021591959
894337990
1026868766
-749768433
746958199
1068308570
1361434240
-1934853081
-1012545494
1796133627
706268248
286416262
265222251
1788063515
-1561050625
802499851
905674185
192393373
1680956587
-388706121
-1106953349
668185475
209712149
-114346624
-721001819
-1318124821
-627896229
-1499676315
1956904154
-1902187717
1973215782
1985565378
-753394974
-1991197797
-1597007601
-1211277083
-1058427972
288221859
1269480510
-498069024
-342081562
-2070850987
-751638188
563370400
-1333642021
-1006651571
-777249398
-891259330
1417692380
541396790
1498213658
659578261
758699763
259734144
1558400221
710471700
-368874700
1213605199
-1379282379
-1999960876
-1753051323
-396590154
-753496788
-1057840404
-740243679
-1871471324
-254091043
559938564
-1678494184
244833054
-2116157934
-1364394968
252007449
1392709422
816964654
-93617442
-269143245
1570546715
815598669
-342517383
-1153164967
1168059993
30483113
345651887
440496741
-333312061
554267199
1102479209
-927310241
-1175641465
926017201
1156859098
-1408475138
-1796759712
-1939748754
-651911214
-1529483410
282243850
-930900209
-2084720300
1473705299
-2062321933
230008324
1005105253
-751865331
-581484242
-1157275793
-192529114
592106813
-1743224916
1407275343
-188985051
-223688312
-742813011
800876769
-1073585937
-1985185638
-1672586637
1746862146
-1865055511
-1953526930
-393974727
-1878482344
-1853378721
-994678069
379920995
-800085773
-633704995
663454737
-223609867
802822446
726041533
-1712351691
-1088487607
-698523109
-1789429759
-1596896503
-1157753860
-1559699042
228261986
-87121728
-1158051799
1213813657
-372134999
1237641137
-1569770279
1905364809
-1626383044
2117883995
-1934559815
389494511
-472945157
-1964472919
-267491315
-860340814
-1679194548
977743734
-850975515
1414031299
674334068
-654624430
1722411661
1700014274
-715257304
-853948026
91777353
802718816
192311395
1903940693
-110188735
-1983523516
1908562042
1954977668
1757949882
-980574670
-1203631251
536988188
1443660166
1079626090
-262647681
-340097938
-946900802
-1251083698
-138180601
1797137496
-2111213651
689558854
747446152
1726525893
-931728626
-1028824601
2071180031
-340359303
-114465414
-1873876142
2110091132
1828799502
1560763931
-207355174
1021676276
1040992057
-1900999003
1094027497
-636426923
2143633233
1882791047
-124723165
-1516034343
-270431470
-652650147
1453764299
-1822494818
2060022685
19795623
-251014554
-1236210570
191791811
254398656
2109172125
-535894788
1379563906
931073288
37427303
1368463079
1662560975
311936867
-594482585
-520785246
1651752597
-2117649689
-1839695982
610372891
-1910628099
-655863344
369307412
1076976347
-776232464
2052532407
1742859380
1659766870
-1700329255
-2094853885
-1332462859
-714505340
-1648975697
557434527
1570630463
-1240429905
-705757134
1008979181
2114838335
-179415922
-832335244
-168483078
-697618358
1123689875
-1351048294
1687478002
2127303560
863528577
-256707101
-1632562987
-1639178097
-1413607360
-1468194071
-1428394902
575528526
1727955188
1795902759
363684468
1884142124
1152978507
1963582906
1820750115
-1261777552
-1285756650
1984727659
-919452723
-349432606
-2146490853
-260161555
636852701
1070530227
814219304
-2044425118
-1251727093
1490449049
-1111906453
1264268835
-1000018227
572504126
-1908133375
-1278825792
1118151948
1328865242
1138721228
-459845051
1703169563
694849822
-1206045815
1314411199
-1636758556
-623811501
544336672
-1796700162
1866053219
109128131
278303038
212120475
1473504600
-1773747369
440882720
-826922692
-246324936
-1960610687
1399819698
2078898966
1140207460
-879309732
-1523664680
-643503437
-232346211
1050316304
-1877716982
802071029
307720374
2127182715
28648230
-1662060454
-1634739574
2091263501
-157916543
-405059456
-2085905616
192686579
1318561086
-537257493
1419153773
-2139195529
1657176291
1459200774
-377373079
-785183067
1461421608
-1528961177
667369638
1944899890
-1438009582
2044458583
1881049645
1151946393
1455868480
1154223504
-853457399
-658723193
-1279012987
1901372488
-1221287687
-1637393031
-1070397002
1116512878
-739120800
1762090914
1181815236
-1510782925
1768209024
1230073361
1374983948
1535150539
-1339808025
-652459501
1388925165
-1837571212
-709913048
638235349
1775236507
1004267959
1640974798
-1140356786
772164146
-218818067
155434382
-1303368101
-1816682482
1594535684
1963873979
704223019
-609791143
1050574467
-1957619970
632099804
-951312668
292626890
-1402321339
-1374624666
155998522
1119350686
-1479784453
-1624590408
-1546096910
1023052261
-413069446
1867020576
-763220411
1830093741
692840381
-1847717905
1074051039
-1507335310
-1110212006
2123167068
-1151719175
-720403040
2104066478
-1200307032
-809938265
-2087673002
-664538535
-1304811133
-1847127442
1509949804
-2108659732
-98316114
2011963417
-435713097
1158656225
2105753312
268002508
1049321611
-1486596661
-711347731
626143065
1003851904
-426944562
-1064865755
666163666
-2141743495
-1641422256
416688634
539997278
1438436322
-1539709968
-1542106651
-556185264
-872850120
-1814379850
-418804087
1690324597
-1196064050
798924684
845064983
2111362989
1429012941
-816849683
1339927028
2096209596
-1281934981
198827227
-2078351975
-1592429471
195838144
-1708447210
97135547
-1251332440
-1541416986
41189514
133553835
1809819772
-1657589088
-1888786168
324446462
219588224
319479373
1483627577
-1611022480
-1240419042
1971734653
-992763697
-915657467
733434847
-752178765
-443852548
264291697
-1906703875
1972066412
-942640345
-2095556167
19398710
464898144
-1490325027
2070287129
-727458846
1791474183
298139397
1164187688
1817974599
-1439015330
-2026406313
-2041913287
18187052
1758819050
1793790735
-1272981244
1850285483
1424595453
-689124131
-157924730
1705019979
111244087
-1372884962
1321690405
-96897203
