2131848898
2129654792
2128838152
2121234753
2100472900
2099656195
2088086414
2080281558
2075829375
2064475016
2064428677
2060726550
2052630850
2050174941
2040354731
2025122643
2013935682
1975378217
1958249671
1946703899
1929143819
1924478780
1922336217
1911499045
1909953860
1903222177
1898685145
1885977511
1875658582
1868128983
1859661651
1852571051
1846775960
1842765308
1823838736
1821314341
1817946229
1798882863
1787252675
1759910763
1740515410
1733433064
1730713732
1718609653
1710004275
1709478317
1685953196
1685594765
1683701218
1676205199
1668298390
1660858439
1659788427
1648594268
1642285350
1638779493
1624765118
1622527981
1615150894
1602836944
1592482057
1591203019
1588852410
1580781148
1575324253
1574326162
1557376909
1553932502
1535902079
1532248033
1527983421
1523727059
1506941806
1499439034
1491837140
1491601708
1486134430
1475822054
1460399984
1458317563
1447091856
1442116807
1441298207
1429367741
1428447742
1428144759
1423469236
1415923339
1402202751
1394878018
1378325955
1358613540
1336914056
1325603311
1324942098
1312253936
1311109679
1310938849
1269798208
1268024334
1254579297
1252380417
1251359113
1251327432
1239944688
1239042658
1236955281
1221417850
1220532283
1220371580
1214014878
1197043983
1187156785
1186026598
1173992572
1158860778
1140437640
1128070351
1120017672
1088842824
1073757365
1066273454
1047930356
1042214707
1027608383
1013004600
1011567003
998439937
995007188
994461506
988845720
981709006
980836345
977139681
966662005
965075310
949651748
941198604
939325193
939314756
935639253
920838193
899186351
897559824
889559220
889189530
883869524
871321290
864076585
862092109
851413341
842702243
834010637
823326195
815601276
813347104
805089822
784693829
781452089
780688061
766406694
762953673
760447603
753933065
744036211
740499949
737144110
708589067
703339567
697846332
692876994
692437517
689993234
679749574
674057354
673472183
670074588
655825201
650343038
624910396
621908703
598897808
586000540
578574534
562544798
558779028
554117120
549541451
541347613
535445604
530298087
530064211
520648264
508977800
498807819
497619302
496460768
491843546
489986568
475198297
470319372
441414792
441021166
413559884
387591904
385105698
380063568
377370709
377205931
371044287
333380768
321690976
296357377
286213106
281685584
281041328
279713527
273700667
263363288
239745500
227473748
223479059
220459629
204558474
203299549
184290847
184032032
177966273
168411250
166334781
161804169
154842449
151766778
149402193
126743168
115767502
114547171
114450673
106504493
103857881
96826568
87191994
55774683
53906276
33780075
23526999
8093907
6435550
-5122976
-7445546
-18161333
-21492040
-22353703
-29449191
-33638186
-43661461
-51321412
-81502520
-106587538
-112743658
-124711068
-138257890
-152517913
-158096177
-160467324
-163283632
-173324371
-185365952
-225999372
-235907694
-238979097
-243573700
-245480496
-258976179
-260318576
-264279916
-284405506
-284763583
-284814185
-285564450
-287790814
-296427284
-301730690
-302208530
-355989640
-359794293
-368129150
-370025683
-371309519
-374447600
-379926920
-382183064
-383668415
-385250073
-392731427
-400535179
-405620869
-414893779
-416875994
-424661845
-424694963
-440045570
-445233199
-455321581
-456454537
-466995634
-467807963
-501480951
-515130950
-531925169
-553741966
-556700241
-557424792
-560717774
-563364277
-587469330
-590054297
-597072756
-602057918
-615500284
-616101528
-622682182
-642849686
-643618536
-645304625
-661168573
-664854618
-667127838
-681693207
-682822203
-684913463
-696700444
-699331790
-707550653
-714649183
-716867186
-734505695
-752573483
-756662132
-758381002
-767315175
-802570417
-815050439
-817591817
-819204420
-821411834
-838360500
-853564982
-853820239
-856475492
-862472425
-869835073
-881196557
-890854882
-896261841
-921321337
-939110779
-940382637
-951573147
-958412791
-963733305
-963744626
-970359006
-992618231
-1001641798
-1004306364
-1010978582
-1033480057
-1036474372
-1038218488
-1041135095
-1053293722
-1059209602
-1064032374
-1093253708
-1121515410
-1130403943
-1138184120
-1139765352
-1164368824
-1174427787
-1174462524
-1175519146
-1182202028
-1201565253
-1211334439
-1218616460
-1218917431
-1222143675
-1226275373
-1237131333
-1250181728
-1288751559
-1292333361
-1292918822
-1293461712
-1300823014
-1305376595
-1315459146
-1318180947
-1318721770
-1319364568
-1320567837
-1326000153
-1337026208
-1348972292
-1351344834
-1356823191
-1360479120
-1367920983
-1375056305
-1380206301
-1390070123
-1397766369
-1409932949
-1411552849
-1411740561
-1412314167
-1415951383
-1417221407
-1420211928
-1423060993
-1453438136
-1457672976
-1459827370
-1461249056
-1483337579
-1509632501
-1513047029
-1518938308
-1526915281
-1533832136
-1536985943
-1540822946
-1542757796
-1550570586
-1554121271
-1558620065
-1560665819
-1567196103
-1603146689
-1603190713
-1643328992
-1658142994
-1668855359
-1674872915
-1678038194
-1685411538
-1694120380
-1718825415
-1726355006
-1729283793
-1731241459
-1734983820
-1741266142
-1750180420
-1754382556
-1779847919
-1780018293
-1783035865
-1786126378
-1787008643
-1788846950
-1792465840
-1801207137
-1811800664
-1818025879
-1829040536
-1852411569
-1856426629
-1862133219
-1870763046
-1873747624
-1877706133
-1909541276
-1909667671
-1933500658
-1934380881
-1935573920
-1938393722
-1943721331
-1951063194
-1959144122
-1963862649
-1969283497
-1979947027
-1988477966
-1989218905
-1991756781
-2002329122
-2006648343
-2027831750
-2032709290
-2037277650
-2045243867
-2061859894
-2073032659
-2078900831
-2084778478
-2086595122
-2089336133
-2090721879
-2090749135
-2103026780
-2105993330
-2113753870
-2124090669
-2128996900
-2137861924
-2138390668
-2139588327
-2141009491
